Aa,Ao,Dcl,Iy,Sh,target
0.26465043693282103,1.941865264586302,0.38630312861791477,2.0445491360468577,-0.05782096705682846,1
0.33179250620404316,0.9186081395104978,0.5165672689632558,-0.42417842243662107,-0.01091702481462329,0
0.2385493568143384,2.1104709820547733,0.4001647949182589,0.22091658315314763,-0.055409561273027236,0
1.0868876036675608,2.093702301949672,1.7808348632072084,-0.16440869996006513,-0.21059763776859763,0
0.3201965827120793,0.9468355048612561,2.2508702391387443,-0.5956464151774032,0.3353909496911791,0
0.22143072652541476,0.5883665605517977,-0.27921717030187115,-0.13859218070230242,-0.022317725025996226,0
0.2959968988542198,2.5134237955713368,1.787209533719659,-0.4347431755145077,-0.2726507896382891,0
0.23472606918953576,2.0914574036988665,0.7576123202710858,0.6759824481806154,-0.0600230254657558,0
2.698487252871203,-0.30204248565924063,0.290578918709852,0.18634466189957544,-0.06403600735224782,0
1.586698369220835,2.0189636294860733,0.2757681977506825,1.043596652045,-0.07079559769637507,0
0.22496701902412544,1.7163556003105027,0.6890423819762623,0.25129839849238034,0.02085404889702712,0
0.4997779705589866,0.5604722818621086,0.35551558589566923,-0.5608047805173794,1.2533283338783248,0
0.23527782397814268,0.9368691489060291,2.0134636356117728,-0.4949587675690062,-0.009333162940719605,0
0.19411268600406828,2.700385062685288,-0.4803548545359325,-0.17095583476643972,-0.20003803227473896,0
0.29144066570904975,0.5461057985335422,1.0830721847240112,-0.12465895349047229,-0.08829451737929458,1
0.2673398135019531,1.4241846614251912,1.8269979525442657,0.9560774127359317,0.010141975114537953,0
2.7473224472398363,2.8163460229011097,-0.40146418011786844,0.23185303912894856,-0.08768090510984752,0
0.2727057319089453,1.0447074073051905,2.1875408936536864,-0.6742453937795201,-0.22891641337436225,0
0.5659100796951314,0.535623897995216,2.1234159120906386,0.19344415009391336,-0.02118467110771938,0
0.2990220612920641,0.5336849160131224,2.173890785474338,1.8418837587705368,1.0221902480245388,1
1.5399014632746366,0.8168120193477224,0.3926339154578947,0.16324150920326103,0.04266586852937583,0
0.25407657612837237,-0.3415657282392837,-0.4058306357285191,0.49287623896709176,-0.12152044584209389,0
0.2800643463379938,0.4919491031567499,1.019841242484998,0.3297086846738897,-0.08751746817189647,0
0.27896489697285687,1.4584371255446387,1.7040972888886075,0.47356268389294065,-0.19513434674211727,0
1.0485364471290164,0.5716263123215319,1.6911202053454644,0.6146616789805671,-0.25086804897815246,0
0.32927985285232525,2.2455948787980375,2.147558637360367,-0.4756126027228225,-0.020748582206869766,0
0.3097300263964149,2.3925074907091473,-0.47278838227976594,0.2539384489298172,-0.6803463377388383,0
0.2642013780799678,0.9368076193263825,2.3481714489855636,-0.5148719197401277,0.046170148314782805,0
2.985772058036175,0.9812457987562759,-0.2179410891565874,0.1668762556770551,-0.05439511873085059,0
0.561863866273119,0.44437951737689807,0.814146080295604,0.9541414752500854,-0.07522043596701018,0
0.24071145064148528,2.6041419770579988,-0.31303539424291693,0.6153509301361144,0.3380604607154187,0
0.3099062088085326,1.0912940227635937,0.9098112621724632,0.9783199747751473,0.7713876424073167,1
0.22858654888467553,0.9885312329528035,1.8728827837872815,0.9982625450660697,0.5605364895898359,0
0.2666274557737251,2.2187509095444478,1.5724002990974248,1.0570396273245928,-0.12163940327865613,0
0.5859803702654705,2.01793011423372,0.6785307038487328,0.5680972116395763,-0.11568275303760503,0
0.2217642223079165,0.5024360812769142,2.0848255199981334,1.0564096352894985,-0.1585966037446658,1
0.13215775619515135,0.3456452013183463,0.5061424355203469,-0.18043088265108734,-0.0056247022108405,0
1.5532467154452259,0.5094174164933386,-0.15156443956066268,0.1624542295038369,-0.037392293477275504,0
0.17724251386731182,0.5384004079799369,0.768905288690408,-0.5733786855736434,0.04144825987727026,0
0.22835476262040544,0.5495340117699558,1.0062567238021927,1.8103497762926488,0.3007298867065942,1
0.4878617908654964,0.4953672188245626,0.8088262667860309,1.0254275812197302,-0.3247921989846642,1
0.23561327394493697,0.5565246969709038,1.7068594271196675,1.1377266487056645,-0.067787835972543,1
1.0366028907193665,0.9663702933227117,2.164690598032451,0.3059998469976019,-0.22765343295838258,0
0.2138336334149739,0.43578183511927115,-0.4829669178521341,0.30573428301798555,0.029295634673980595,0
0.21054196944746256,-0.5591287764560489,0.393569560324132,-0.08979358382412878,0.052869192010846194,0
1.5585703694071245,0.98747067761981,-0.26533217617643884,-0.15563134807561677,0.01831159276515333,0
0.3275951572239069,0.5200657253308157,0.4397776320161885,1.7995611229535786,1.0980429143626123,1
0.14646076505056943,0.47920141235628305,0.732349357579489,0.6306641177150868,0.7600971630729985,0
0.45693468727043635,1.9691558664900624,-0.4101994927967788,-0.5376786029357923,-0.06450535721989958,0
0.4390831762914685,2.391900297524773,-0.35788175173640874,-0.5458219111134858,-0.06065527755334329,0
0.2671596660819262,0.8830232994020485,2.5014934483034503,-0.6058105978777504,-0.2615219867932946,1
0.31883799415431896,0.8179782557868367,0.9728799617500885,0.26112613775599947,-0.5127806232134918,1
0.8152772982327808,2.09729661443702,-0.39045187121473357,-0.18717993269483008,-0.09396917692027779,0
0.22615173585714024,0.933532224940439,-0.3397540169143877,1.907555570160997,-0.03091625731856806,0
0.24280887195176795,1.2804970558349131,2.0357895122182583,0.3033277133038449,-0.11510157681964708,0
0.6007256865588492,2.170087582254926,0.4201215214287141,1.91360334125559,-0.04986132997006076,1
0.2446353291162144,0.553075231151706,1.5341174422741752,0.9525753201057914,-0.23983810508788306,1
0.24556964811890952,1.0414165551515304,2.161309024956434,1.068957219500216,-0.6909426573904182,1
0.6854469475091232,-0.3878827334962466,-0.3440346496367903,0.4961481362364708,-0.15339669568572617,0
0.23955568731040416,1.0164435438883306,1.041117290879919,-0.53201039371219,-0.031805621409154744,0
0.26943494924741973,0.48178371289900773,2.082472712353928,-0.5878500111089994,-0.12755506193853947,0
0.45802761359452204,2.5628097289873373,-0.44098424277138537,-0.5399700612698188,-0.022651521617387083,0
0.26404157994853117,1.3441921226349387,2.19278227271448,0.19018526559460117,0.014985972059283426,0
1.431300582705277,1.1175955788576886,0.4725658238413518,0.6178664196253796,-0.17758541785626183,0
0.579871063302515,0.5704289890354326,0.8899454937186652,1.9613873677760687,1.3232532370787586,0
0.40188724166140133,1.3712555960225068,1.2668571056601583,-0.5665371740028975,-0.04521022275873811,0
1.7616784395388612,2.327216448940271,-0.3637787806045675,1.9389819794421834,0.4080117493598311,0
0.20284536723068028,0.383005421848566,0.3565990475555956,1.9816255548567325,1.0216846935556825,0
2.697795132556338,1.2446386798860423,1.608582244476808,0.527157206935535,1.10519955682549,1
0.26064023147681753,0.9062257008709479,1.0688935777331874,1.888509248261102,1.1036615655155237,0
0.5342303207688405,2.0010281944387267,-0.3979345381789509,0.43046838199805715,-0.13255836322690068,0
0.17877788291348076,1.1554068150329226,2.079543115120509,-0.6322028887525826,-0.06461115456829271,0
0.27914949420494956,0.5940528900825195,1.5990855342625645,1.2294999587202353,-0.2823259861450829,0
0.2238417344119869,1.5554159478534109,-0.43099579957024486,0.541058684903225,-0.2430787248453245,0
0.27708433454357934,0.9124548018110528,0.7980925466050802,0.2555320162328919,-0.09352926817467633,0
0.4133410844308817,2.4700732361111957,-0.4163190071490911,0.2346024911146799,-0.22866968962395465,0
0.24056483237441859,0.6120368279383007,1.622860319934601,1.2217943849681954,-0.5442400761458627,1
0.7628427307326601,0.9287808173863339,-0.3280475751900861,-0.1647671827862704,-0.18289981888380938,0
0.3281847289543972,2.1451690400724917,0.8826192761119132,0.2532189179327419,-0.15582597196833686,0
0.6308390115210705,1.9676909117226629,0.3316507598253417,1.0859517075647656,-0.43487016635789266,1
0.2838156296283001,2.5887821654984178,2.0245359641833702,-0.18179912481682864,-0.23904335796148538,0
0.2222236826283454,0.5211545443906389,0.4543374075749214,-0.20275096013678562,0.3007441209945459,0
1.2925063432043298,0.5683383845619181,1.3692304834806066,0.638499192369546,-0.24856089373448437,0
0.34097571341861155,1.2077089806461168,2.0467429446281478,-0.8219310496625571,-0.3314542866960309,1
1.2950266141374394,0.9185942692995778,0.41464633157395947,0.27294202287874464,-0.16612388784050736,1
0.117787661905447,0.516839961663821,0.7939599490927636,2.1520514783894185,0.04294277112393438,1
1.1306548056556143,0.9476886429776415,1.9447696014024536,-0.49749065032495743,0.31679393417116075,1
1.5427721154030056,1.251552999710713,-0.33008852725799265,-0.4579774587291984,-0.004107564107763827,0
0.6363018781698149,0.8125606419202074,0.9600859999967764,0.4541772641194381,-0.04961642064638983,0
0.25739688011447964,0.5380295106697509,1.6894786345434822,-0.6318256003660779,-0.040723676334603685,0
0.4427999302519058,2.083775243416871,0.8659991268124907,-0.13757077851549648,-0.06274957070095627,1
0.8522299418367079,2.011100259415348,-0.4948639619917574,-0.21382784338332522,-0.03228554664352683,0
0.6032002689957641,2.0666983627619024,-0.4862665099810775,0.23110645109053068,-0.10350929943793187,0
0.5393283824545477,1.2900838336434388,0.8636263891267133,1.1456084666928483,0.36990546281874614,1
0.607279386327088,0.983386842844427,2.4410635842949127,0.9455666952600176,-0.031694644074128496,0
0.7678826195554668,2.2688601290535533,-0.45269003100169164,-0.19716873587502476,-0.2813636306744848,0
0.2611302782760863,0.9603041522825031,1.73657571043765,-0.5551852893126672,-0.010072432437523947,1
0.2115536148425221,0.49925542780074345,1.8170732420950912,0.6428399102151582,-0.12291116489386125,0
0.0597811589037317,1.3087959569327072,1.5178957704732265,0.5824511165281885,-0.45249145990422146,0
0.23113611932661637,1.228117980232347,0.4836650762768103,0.47126782636504383,-0.041223365801196336,0
0.26874784501346066,0.9227395854036824,1.64714927363428,-0.5545612307893625,-0.26680734780676363,1
0.5374527703674741,1.7881135009881868,0.38546169994214863,0.5421962715407534,-0.029885337553717264,0
1.7661588857626354,1.3271507044004551,0.3030595389834251,0.284461888216199,-0.6560210157764534,1
0.27072850508390367,2.5375973810385637,1.6340176515186506,0.6444422564904841,-0.07404729175381411,0
0.5888292188350058,2.305931411274463,0.7584928118305482,-0.16564372193345933,0.2628249071022552,1
0.11108489204779246,2.2999549883878685,0.3340480153989611,-0.22142253774195286,-0.11560090955005127,0
0.5262986531891225,0.5934446722645768,0.8015513981524719,-0.16950009062370258,-0.05921963725392032,1
0.27535586578985977,2.2546996068599467,-0.45578251866369,-0.17576889263813905,-0.04801169989811719,0
0.19719607495764352,0.49804664770226625,0.7548048815331865,-0.5159072714046493,0.011473413935250205,0
0.2716572507145645,0.5191417131390749,-0.2685634861523031,-0.5464491424942282,0.004933092621115291,0
1.263228067130541,2.6766834947877207,-0.38084751894335267,0.4861179393194854,-0.26837583806198334,0
0.2942688520973011,1.4598722651762068,1.0317217292318834,-0.48102829100551886,0.532960568960988,1
0.6279462085343538,2.1316462474902744,-0.3187486478484701,-0.14747456262292657,-0.057492595970483396,0
1.0836951473572478,0.9562814340588482,0.5826713285035229,0.16552427398132094,-0.059351569510156216,0
0.6941262433089388,1.046717903589116,2.154108385401115,-0.5664469530544267,-0.08127044947978782,1
0.19916972988119214,0.41765942027205444,2.000729199740123,1.1336490674381159,0.5282928406294221,0
1.0737463506082598,2.1076040642824587,-0.3270738000684862,0.5268478652950944,-0.07317133778855303,0
0.1452044082320818,-0.6870487313279842,1.9949828063121429,0.5715421448278984,-0.3045619916084814,0
0.22919145718461442,0.4386727761514915,0.6505430431289124,2.147638208522351,1.119962967373402,1
-0.023384600698379165,-0.4280249933821144,0.3017435867452687,0.15559722426255462,0.032225600198448265,0
2.242392434412321,0.5379020562238256,0.2719551961336001,0.1636810971098217,-0.0027037832114436486,0
0.6468343608227902,0.9860254427517308,2.3179638613143227,-0.48585870779749984,-0.013077972445658476,0
0.24624701628382,2.261188644458817,0.4217891858406896,0.9179860992863487,-0.2136660571724085,0
0.2404084049424289,0.5658089747287391,0.9398592384464639,1.9528075961136413,-0.7225071283240703,0
2.933460958527063,1.120110561633401,-0.35892602185864125,-0.1798725842294158,-0.043761936189971325,0
1.0407606243615317,2.0157555124303994,-0.3396909627132717,0.5352763703608666,-0.06400169351814221,0
0.5784853561045965,0.5819396090364369,0.7821145884538634,0.8680100272604923,-0.3325784269106782,1
0.8033384006130748,2.1457375551579196,-0.36800407287865533,0.23667951825766062,0.4502701337886534,0
0.5663199159096239,1.3278576663492723,0.32356108420593394,-0.18844916684595345,-0.044596239764019135,0
0.596134761989916,1.9732737507531426,-0.45570649552889314,-0.16305246162019726,-0.15028182664210724,0
0.2629896142662803,2.63194035118523,1.917884426341999,-0.5445218758878806,0.003073786200649825,0
0.5679161240534443,0.9710927850624421,2.00322776894495,-0.6318395965759706,-0.6878365780733398,1
0.47410084506029415,1.5873036543206016,-0.4614324683590395,0.20926735909189106,-0.10579139760251616,0
0.20536988472102827,0.6322710284239228,1.5299374869771172,0.9358972969179297,-0.182069177724702,1
0.4438971207245469,0.5112942533891879,2.482602599700963,1.000860653919247,-0.06648239047236805,1
0.3103188794800997,0.8313883381652732,2.0401850123793315,0.9689366567913484,1.1851427776431764,1
0.3043097053210213,2.791967199903113,-0.5256720491401424,0.2869023520626822,-0.05968703276488222,0
1.028857895729817,2.6412290934343785,-0.34750311949042817,-0.17763948340638405,0.4000428507122806,1
0.3051602037020129,1.3757948354416623,-0.39168302468076927,1.8516134339258636,-0.0568593271655428,0
1.3080190214854346,2.046577867929246,0.709859877428027,0.25622332489799654,0.00729991421929653,0
0.21369966450201316,1.2328103977914573,1.8711109575264244,1.0723764312228488,-0.1304951718123391,1
0.2585094641300435,0.5458769779069976,1.5636564689187549,-0.5353173503600324,-0.020437135322272242,0
0.2426272392537151,0.5488737049659155,0.9711238513933806,1.253281066420994,-0.0636190312313888,0
0.47632969909852224,0.8106325195141961,0.8176181423936836,1.0294955524233014,0.27082355582006923,0
2.6787493156493514,2.107817887946473,0.3454726926495156,-0.19479844773497856,-0.026177620910315846,0
0.6750437494826785,2.9378417382958637,-0.40326957150875437,-0.18379842682972894,0.011362891487098986,0
0.8390168536484127,1.897149388563055,-0.3472388741460815,-0.1362103483493268,0.07988828546382774,0
2.8313058623600105,-0.23288168431132644,-0.1169898892967427,0.09132279995556447,-0.004950174262586579,0
0.2029473518003982,0.5465286062850924,1.7793093939459068,1.7310752115223353,-0.39762019645822955,0
0.6577451381978909,2.671183952152776,1.6143217071689233,0.4888508367437157,1.4186979067017922,0
0.34377515962137234,0.9190589527285001,2.1694882835827296,-0.591606143350142,1.309960389286551,0
0.2645438465694479,0.5021277679274462,1.8378284057455074,-0.17019666320450966,0.5693364245660044,0
0.48316991164376405,0.51572157646007,1.0296019508373035,0.9622683475109761,-0.09060559665593972,1
0.27727597836216705,0.5276128233073301,2.2466775031067607,0.9061633864518889,0.9604069395136341,1
1.1983796481472908,2.982337168385216,-0.36450310431702526,-0.19649874254120042,-0.08487738909914859,0
0.2658790263618116,1.5486352072115506,1.773723256464489,-0.08123327507475642,-0.12766212950237693,1
0.30828357082394453,2.0580760553530464,-0.47006907156689026,-0.5544359201643654,-0.3031387824898798,0
0.1923181024087044,0.4941681861166285,0.741715507507409,1.7522421945149849,1.3286123137072536,1
1.1193086097951812,0.9443942859781463,0.39588202793655486,-0.4186352105758234,0.6447615066000227,0
2.5003093174364586,2.0477701876177865,-0.3823180516098846,-0.1608100305745003,-0.0717372903463166,0
1.21198454669374,1.553748024474513,0.8300509844561091,2.124289368847398,-0.30989681870986663,0
0.191349604679402,0.8002062666218135,1.9385683166844578,-0.5144598391324814,-0.07638896558367729,1
0.5337727093909592,0.3922779156539959,0.937593428636365,0.23291156809552088,-0.0778297393820413,0
1.0543094358465173,2.0936838089411975,0.37340751019390445,-0.14177718458861144,-0.09226591176042442,0
1.2284973083828392,0.827194915888876,0.9202798024379855,-0.6328637167849973,-0.06471648497982736,0
0.43637992492932426,0.8195153990169853,2.0119543017894803,-0.5478146667618912,-0.04209566372616803,0
0.24688493980490095,1.334209481382627,0.3376284231137701,1.6458921973375102,-0.0935068793054368,0
0.31243567571850217,0.9307196707980802,2.3357728045101576,-0.5477103447038028,-0.25827119976212626,0
0.21098542177139,0.5304036030479062,0.4282010397206275,0.4103101749474877,1.0321838310587779,0
0.22096189335461236,0.9583595357802667,1.9871055283893226,0.7994921667072515,0.026626105441694817,0
0.5071493221997774,1.4114095919581058,-0.37503612219499666,-0.20606385094745144,-0.11883645662967494,0
0.22687795957132245,0.48645098742068604,0.753412134700909,1.115111254025517,-0.19927317505026987,0
0.8685330925728563,2.28188308459742,1.8246284789185157,1.7457488195952868,0.9153074667946408,1
0.2863630555164094,0.5436639585566462,1.0379890829760887,0.9384413845270234,1.3881766123525598,1
0.5584151000850898,0.9867998121979613,2.3354130918512186,0.9262093197475437,-0.24543234934159722,0
0.2555657606389493,0.8735964409000803,2.0483001461305035,-0.5481054602956388,0.020419695193793483,0
0.28374796545554404,0.5219192748098707,1.0438612972082408,-0.5381615670179334,0.5181036534447218,0
0.2025540357106765,1.0854337819309092,1.4242930610452194,-0.5190249946963998,-0.01114001277075613,0
0.8505282788957321,-0.3150090502131456,0.34090287685545034,0.15642683206507074,-0.04400106773486169,0
0.28628270129699873,2.191682311129324,0.8280575290466112,-0.14238635027557184,-0.1962858297172807,0
0.26773977604128846,0.5397896887405884,1.7644097660958893,1.0894195731834335,-0.6554024278547972,1
0.4679998418140392,2.0164606641192235,2.087016173550357,1.7166414269197559,-0.25000230352827607,1
0.5391740266111639,0.508001252655342,1.5173726025456034,1.9942890219026324,-0.6871283211907666,1
1.9726288551986024,2.1764576028974756,-0.3541213693028064,0.14592465027955792,-0.04900208358926669,0
0.31327001162202056,0.8970993642087168,0.814245303232832,-0.5338548786286513,-0.5979872576264839,0
1.233410236613341,0.5356999488364397,2.0392833890605844,1.871240809054695,-0.6804985241385122,1
0.587590364191386,0.9398864568139322,0.7915690245944689,0.8617972104923726,-0.2050703254518793,1
0.4322168836262981,0.9535288500262379,2.1312756124005268,1.0434092416511227,-0.14562324353537903,1
0.39620472385466277,0.4539102905379848,0.7260687759412628,0.5352357874776338,-0.29969812266787765,1
0.2403359933056631,0.8811741502501145,1.7333569720293263,0.9411686292043282,1.003519209238727,1
0.17569736052388854,0.9348662163357555,1.938268682532378,-0.6521026654902666,-0.019536115885199053,0
0.6583004967596379,2.81262747535733,-0.5963986097914198,0.6467807457278607,-0.11580844641491264,0
0.6461253132299515,2.513351906446563,1.6530741500207433,-0.45409654826508783,-0.8984084432100494,1
2.682028998549234,0.5413265684007007,0.296949879229479,0.24546739568335668,-0.051996353003120464,0
1.4412032762165299,0.9243144280466051,2.0132276629483155,0.1999008042746441,0.028868149461310222,1
0.8817722062595157,2.4032672353861018,-0.25315458653329936,0.16544886457206534,-0.048888126189780126,0
1.7543472894123797,1.2953065343872745,0.8312087978540483,0.5677294459,-0.20516808085991908,0
2.4510873858231226,2.064801139319595,-0.41052440151055103,-0.14418972480366507,-0.2922043189232515,0
0.23633094638376737,2.2136201333483356,-0.5163075864454116,-0.1899507582898484,-0.08102620836535507,0
0.15016553525063164,0.4717662106680044,0.8384424854258526,0.9632859651074906,-0.06901619772862469,0
0.2795564189314197,2.6846435725709177,0.6634619530822932,1.0537299222338292,-0.22753440158865507,1
0.5672218999381363,2.2120919510769226,-0.4663937788331509,-0.1638803622298058,1.035039906081803,0
0.6640714186293359,0.9563498731709645,2.243834048779478,0.9652116229370705,0.38663561165056776,0
0.5863692341247456,2.0084158624899895,-0.39014113614816615,0.6013819606023828,-0.09200161344854862,0
0.06715384119157969,1.68337585323389,1.6042093013901448,-0.5570767534991509,-0.03861339210583614,1
0.5857501004850103,0.5258777348031929,-0.4152998513855269,-0.5081841455421353,-0.26363282578870517,0
2.4314739243474865,0.9316061483736506,0.4738332769215539,-0.14465414677103872,-0.03294419271360115,0
0.24491693511708965,0.4339869606231739,-0.3745533362387856,1.7924598579947315,0.9927281658933506,0
0.45229155639386964,1.7369790822124065,1.0360168461244128,0.5501633904305586,-0.19013867457867842,0
1.115862982919976,0.5377647242224871,0.3693745029871765,0.12185557235669886,-0.04158504153553354,0
0.18042165088074075,0.5168578927386128,1.0812774822230224,-0.17208606676419522,-0.011756227836627164,1
0.5253176945956376,0.46127692183341923,1.8493379110962365,0.6191787443716037,0.5167719612657337,0
2.579571302247621,0.5015919655495745,2.2411390777068836,-0.536796925057547,-0.20590663863174638,1
0.48694507954470817,1.3688470972891766,-0.39904267804155386,0.5776364925660377,-0.07828293022189425,0
0.19788172631690243,0.9812955551102059,0.970266839637008,-0.12130137306703762,0.005949785874262148,0
2.621810721516259,-0.30522205164395955,0.9922130844463944,-0.2252058065781704,-0.07687266040948931,0
2.6191714543197673,0.5168244230884569,0.46396211110574,-0.18359116509618267,0.02646576233699309,1
0.5743623304238675,2.3817968396038234,1.069918723513629,1.1153869280001258,-0.3755456708657372,1
0.19409612865816,2.370456350031754,0.9771298587170366,1.7223672156473653,-0.02315114556219476,0
0.19348904406043382,1.9741522212402538,-0.45730594067796404,0.6139115406178063,-0.09854580581986502,0
0.14442686104090854,0.5222897017122792,0.9233752078960589,1.2519172483916374,0.02161684297401062,0
0.609993020214344,0.9110236663457876,-0.3505508003100679,0.6075520222903634,0.45614818504053184,1
0.24155292356589836,0.525041907151176,0.393000399830743,-0.5488670984008258,0.025642471318127427,0
0.6828196561518317,2.8098908841540875,-0.4583808904837443,-0.16644671306627074,-0.23069399173094696,0
0.8438425186046367,0.8393878088513264,0.650895059192666,1.0810314491170583,-0.10733960357540813,0
0.23698675880137646,1.0386414555545143,1.5535989290510177,1.6379023120915768,-0.018230810466081642,1
0.8144244372372572,0.46706192785474393,1.5593005803471534,-0.5040130968083132,-0.03249822132007926,1
1.0471320529614456,2.121682802455622,1.6909987918698348,0.43410108509492634,-0.0543295046881864,1
0.2381428619905954,0.5465370128622826,1.7658256216957207,1.1065108597726792,-0.5846200271305559,1
1.3706909397223415,2.0389444596560327,0.581132508901309,0.29180475131444367,-0.6286814097318968,0
0.6159652006822985,1.1510481407021538,1.6333495595998744,0.501754147892268,-0.2567374999929309,0
0.49612545451372886,0.5330316795805253,0.36125203346442003,0.19273716755054593,-0.08341112000118207,0
0.2482846820935343,2.20290312832113,1.5576138769914953,1.0204721526728198,-0.2750857157138234,0
0.2629697532882738,1.253531498885985,1.9976714242705693,-0.5103042293390172,-0.10067640255509985,1
0.24301807912649456,2.577534935448736,0.7717474896189213,2.06922451868404,-0.23800482115904265,1
0.2641043610154486,0.8831293877459768,1.4901730378666507,-0.5204788589023951,-0.02007146953716704,0
1.8072408796055985,0.8904294718883736,-0.3135595123660964,-0.13222617299165185,-0.02378318075008025,0
0.2535857726743259,1.177483635084132,-0.2630154708943156,-0.19612061026286615,-0.06325628756726885,0
1.0036080392371827,1.2741797347856365,1.8838515704207535,1.0561830443158424,-0.03447634509604943,0
0.5306452515473139,2.4948326126822167,-0.41933381934594655,0.25432012117284747,-0.03913973237018778,0
0.6304932267912248,2.321621310586589,0.440847027255643,1.7919841528032303,-0.08071232437160593,0
0.2815712336143671,1.0067645164017722,0.472653637797842,0.13673423327680667,-0.06688255837257018,1
0.24417155689275954,1.4298583423704212,2.065937954392339,-0.6148419095308091,-0.7238148864969375,0
0.1726917847661302,0.5252611052245032,0.9406613690980741,1.655404455748997,0.8579761823606182,1
0.25641904419882666,0.903430705119594,0.4350561853182362,0.7599832692202807,-0.10036453090858591,0
0.5694527838377632,1.3636276011171589,1.8119712007654507,1.1460647608296721,1.1293640693662257,1
0.5038397854813135,-0.4662383209322231,1.957041662572743,0.40362461943531075,-0.048909233147890266,0
3.1176065917784372,-0.35063565324939894,0.36421953156377246,0.24510062045817055,-0.030269962481524162,0
0.49714286351550097,0.5893308219100076,1.601002768973086,1.9067496510645656,-0.5695646768036582,0
1.2463392335238073,0.4777066819241738,2.1372159138494955,-0.6298773739324725,-0.3096682119533839,0
0.2628175812418814,0.9617191550509718,0.7899216890172714,0.8512693523969499,-0.21140581573806666,1
0.5693781079721784,1.957363554927637,-0.475483731546144,-0.2029455512194976,-0.2181436900032092,0
1.3973406354766065,2.6086118667737,-0.317553635788155,0.2825716681304553,-0.08188823405600246,0
0.5510743006850343,1.3057930984310102,1.9453935718194288,-0.5721080326891805,1.2089154878809352,0
0.24117765010011086,0.5070006269184917,2.095766833260656,0.9729582068590871,1.3405193017347503,1
2.7508098844857245,0.9129536420698307,1.9489058046970562,1.1008760048895418,0.6510478337861314,0
0.5450182106415578,2.7627791332953615,0.3320483737054671,-0.5081521927984832,-0.024458844409273796,0
2.824549666552103,0.4951812074655839,-0.4035141854684428,-0.1346404064147542,-0.035957250405156994,0
0.9170573306965993,0.6327052768612298,1.0198977988529618,1.8104244277217805,-0.7860727371005296,1
0.489653163704523,0.9782850216321824,1.5724177474811947,1.0299596600419754,1.1189044601934148,1
0.520590012073915,1.103727565297116,0.9050620940971545,0.9769116164805516,-0.02108971121318649,0
0.22028538199392078,0.5065933110902946,1.7931809929582316,1.1809708520535271,-0.2620211246201462,1
0.29811857216993515,0.951268687914353,0.7513425559616168,0.9518529762046524,0.3817808719368701,1
0.9886042353545105,0.47917554986367217,0.7674940843194082,1.106025952354101,-0.6899162152333209,1
0.5845560122031315,1.83521940592762,0.8607538487034289,0.2685584189270687,-0.08280486725912362,0
0.49430570032537946,1.1540135076846418,1.9253931952606989,1.0926872590003485,0.01305562496142202,1
0.5669452802161207,0.4984096717656593,0.9385869561246851,0.571047235304403,-0.10948165683240263,0
1.0875350605728993,2.6249859569746166,-0.25155013657655645,-0.5617290290032291,1.5862109639465423,0
0.2847980743518711,1.8923627462258936,0.9582248361603585,-0.6711876903742986,1.3604799535515004,1
0.6073003701992495,1.352370733499219,1.0322148802060152,1.7979765687611657,-0.10714292977062181,0
0.2729132428072456,0.6250117543488399,1.5697845382330509,1.7692880827210087,-0.028488557697778232,0
0.9243716979941742,2.1678050677342258,-0.46827763732011723,0.9216931649616342,-0.08012014299771457,0
0.27385960680434257,1.831743535268551,0.8515717566396355,0.6830452130643156,-0.28606521026131004,0
0.24593332948329036,2.0211966748661627,-0.3680193456443179,0.5458996885124189,-0.06089973707372596,0
0.2665470683974229,2.351740997930267,-0.44524210680665594,-0.17355195808117388,-0.16918449056425677,0
0.3122966760008225,0.5878619585781153,1.9462326071769973,1.0123790618144486,-0.4899073968825526,1
0.5805230317498971,0.5705753219951384,0.5935061260911008,-0.2234877913269757,-0.07593380101190511,0
0.5564206072217155,0.8575039274740082,-0.36702092901742844,0.8690005145807091,-0.6346795871285491,0
0.2472466664198149,1.9533491774540408,2.0534216608865044,0.951750257446726,0.3860312568681362,0
0.2479260149554266,0.9484307383451126,1.7646390685803832,-0.4855615168175057,1.4380169618344567,1
0.2419905832301682,1.4841007206362047,-0.4636031469544696,-0.20349928422953448,0.016440362886069718,0
0.2866075725198827,0.8314389900563726,2.0058638681034417,-0.525887707148224,1.1901717719242126,0
0.16199024732244802,0.48126507615737724,0.46179651377777825,0.24391069148612288,-0.7884007911697422,0
0.281377591339501,2.727262765733326,1.9324352264935143,0.22653195706869947,0.7096159858411198,1
0.4660403057552634,0.5194947294821844,1.7032042191637524,1.8731376672841993,-0.7364278441357905,0
0.3248366183933757,0.5152414138046879,0.7733298007617155,-0.536903276134975,-0.6653989555145609,1
1.1589395277472199,0.6072173088983882,0.8554168965432465,1.931998613525206,1.1786056888796526,1
1.0184530836805221,0.7435253954147255,1.4315418680137257,0.8951672475745833,-0.24449283718692846,1
0.5946651423372394,2.6356769362676573,-0.4293497013254544,-0.1728633472714348,-0.003354687167155,0
0.23277600801999251,0.44196375875389904,-0.5314108315151902,0.25394517452696075,-0.021259480417437526,0
0.2918904057853101,2.032398104349422,2.1299084089266445,1.834823937487338,-0.591048764627961,0
0.41457695618597806,2.2842281764718946,-0.3913606143861135,-0.5909629708036458,-0.24912306970445852,0
0.9660456937828663,1.9648085569446756,0.8354071949436888,-0.15675669505451362,0.004551668470160794,0
0.2016777292110491,0.577749862195446,0.8985568816057645,1.8718735609824646,0.5059842472898848,0
0.22811443619587782,1.4197171997231566,-0.3696635737274305,-0.14525847147391355,-0.10395555852480848,1
2.250254573162302,2.367073176623081,-0.2494979954163386,-0.15612798929211863,-0.0006442241411089011,0
0.23814112087700895,0.4893444326867803,0.8857807149424,2.219804994734837,0.004180667554885623,0
0.4349395122469011,0.39650781778148314,0.40610080893054457,1.0038144211963471,-0.29869525500474425,0
0.8250027958483983,2.083623599121579,-0.3832933993674409,-0.18955784666323994,-0.09095507841140194,0
1.0913609421577228,0.9548864457740978,0.499638232906456,0.5501520745616486,-0.2600160064432106,0
0.4800447226381076,0.9649990869539087,0.6806118127629693,1.0229278776769701,1.1421320635281678,1
0.9178941362730579,0.858725204708366,-0.22929912294807936,0.4367502900916154,-0.23427722873868412,0
0.28452461439638405,0.9433203053077619,0.42247063086819436,1.2464891749243694,-0.1687946765900447,1
0.3088591262321203,0.5436521792118466,1.9047240800664775,1.197808231132992,-0.1363085380741287,1
1.4104013061501952,2.0389748093457003,-0.37220953586035055,0.2349974329249085,-0.055727471467494696,0
0.27358445283312627,2.5595081255049057,0.5477330494373659,1.6859801702524122,1.1562007635206824,0
0.2942373711359565,1.1841688216425073,1.1440837640570065,1.9676035899697295,-0.27733284010983855,0
0.22466171564218443,0.8872250517181495,0.6705523664961809,1.0955153150406438,1.125857344649074,1
0.29873734607904534,1.1360743807996425,-0.2872658042415296,-0.18368330803640973,-0.004710304279648268,0
0.3865545151508281,2.1352616690057853,0.9111924981641416,1.214764099754963,-0.2072633917505482,1
2.2865242251256195,2.288112239617795,-0.42800008746211643,-0.13023943766845825,-0.07875528656041537,0
0.5893501474923472,2.667485515254015,-0.4552399273809823,0.19887144983354174,-0.05040905631909218,0
1.0200734018936748,2.040568592794459,0.5336137837843689,1.1667772685335014,-0.6170535481879471,1
0.2551074826631286,0.49665614131841246,0.7005729863718252,1.7555511864342928,-0.06224208112945532,1
1.1583227644817085,2.587071905704575,-0.30917173584972635,0.29759427481231426,-0.260361902953088,0
0.27366847239617875,0.5579597934620516,1.6822401657669763,0.8793950955180061,-0.6200645431900409,1
0.5133892651924724,-0.42180438828491124,1.8221630025984124,-0.6026162259375738,-0.009349644305575562,1
0.25666095989344895,0.49983191994741016,1.111175277825166,1.250900524370748,1.3183838063680833,0
0.9833441697700798,1.4981695460758495,-0.37349235387097696,-0.18806824972334107,-0.047990278040049066,0
0.2050068348447173,2.077481126466182,0.4261353280415666,0.28339875473318654,-0.3791772055597935,0
0.29973192622490413,0.492073706646448,0.9687756452578431,-0.520441675542315,1.6042244894626099,0
0.5850150372859018,0.5430728925521265,1.9032166296074753,-0.19462156857438012,-0.24699528525283648,1
0.23293523112191564,0.42504874863476144,2.128665154377554,0.9970981995226681,1.3465136116269163,1
0.3297349764020595,1.8313933371619795,0.8110741855352022,-0.5472195117052989,-0.03856281380657657,0
0.27797808458239687,0.9341488756228813,0.5258970741935955,0.9750650978579071,0.5754635401181512,0
0.1595512444695327,0.9824887710150114,2.2068239456057888,-0.6112363594080183,-0.5759697112257087,0
0.2667273514592787,0.973067575763179,0.6968046541335482,0.9420581259748856,1.2582010105761814,1
0.5283972347537109,0.5405931446485722,0.3499284961018495,0.4496129496509914,-0.1230054074768784,0
0.19499338729895047,0.7628502074305074,0.4150544931168545,-0.5150247686984288,-0.060161926378042345,0
1.6030531205282146,0.9424685568180184,-0.2954292299800853,1.0099770928109573,1.7707010805034493,0
1.1130983031732626,1.7312763157755606,1.2934482534683018,0.6163318929869759,-0.35855892824674995,0
0.24596909672642664,2.696008629210096,0.7458275652334524,-0.180594006138716,-0.08126093300536266,0
0.2652829830089538,1.3108555965349011,1.0110308132506287,-0.632022162333099,0.05313232147432789,0
0.6064830011590857,0.5970812760024259,0.3004690789289883,-0.4808171235480102,-0.298294651867715,1
0.3275358847589624,2.65223907386184,0.43948889297674487,1.8118640362941416,0.01893170901316446,0
0.5135915300837203,1.3030977562085595,0.3923797013582917,1.6637848682498457,1.0521515533426553,0
0.5145436747226694,0.46992178136912255,0.47003188777891125,-0.5528132708637538,-0.19939787844075707,1
0.2532112430526989,2.817207224578553,0.9064961514367897,0.24890170677425813,-0.20037689171321743,0
0.257774445173609,0.8831769650881308,0.955478965744575,0.9992300587691627,-0.5505678776554244,0
0.5732847878578717,1.0147393289350788,0.7892861011744499,-0.17293148540086808,-0.03567849964438768,0
0.3160871296370378,0.6562736700785494,2.2006161747241135,0.9052121975974171,0.46066174730308146,1
0.28149997644027797,0.5138772796298613,-0.32605347811035296,-0.08970163353603394,-0.03718221632527929,0
0.2824239354215118,1.3566339228247584,2.0979218029339304,-0.578348090998694,1.1546519365189778,1
0.24840481403282091,0.5142842884763071,0.38297984924300404,1.0138648022256511,0.5329742110045342,0
0.5104508734622246,2.5420520553640724,-0.47950134887428064,1.7775669729205115,-0.04859107952963615,0
0.45760495614200325,1.6899409082531023,1.8900967631409735,-0.6271011380443453,0.049792674587728805,0
0.3094568304438158,1.0029938108297103,1.829642497852051,-0.5864702643066945,-0.2778575844038542,0
1.0972053866926754,0.9450066596985907,1.0288711960009518,0.4443666943393959,-0.18593073208303484,0
1.400910187527231,2.0720018409670415,-0.4145366341544249,-0.5564707247957149,-0.21059466708368155,0
0.5353115429984783,0.8930510314989804,1.9390467627273427,-0.6814450843837723,-0.10055556059715531,1
0.2670118436168456,0.9146130468714813,0.41106172918999734,1.0525668922978122,-0.42880358724142503,1
2.8241641128547252,2.591351364711291,0.3317883415294308,0.5578894871525851,1.2864417016495895,0
1.1109315061509988,2.4884593919011917,-0.4222583271733742,0.2169444726792962,-0.08250846176636045,0
0.1737282933084179,0.4305262245996422,0.4527391683098128,1.131918284541803,-0.6460184332192733,1
0.2618079056676031,2.057139769255827,1.7845960445322282,0.22021897733301699,1.0466651681327577,0
0.29790502973164534,1.025020381283673,1.5628846989399399,1.2051532435837684,-0.051709173278931854,0
0.2541022410695222,0.8624373529577656,-0.3020822929583561,1.4518126594813494,0.0307314564762792,0
0.9299268345087502,0.5006637748351209,0.6652257369255609,1.112856878251906,-0.8068291912284848,1
0.24055502923802133,0.5643041306014079,1.0086339789158982,1.9520780190682578,-0.5081591044033122,1
1.452841214276403,0.5562074471695528,0.4354000936566619,1.9362192368057236,0.026679486868353114,1
0.4891057993416038,1.9904728918427173,0.6633077446260074,-0.5421271962243875,-0.27201836847622346,1
0.3212718245321608,1.2343674626354733,0.8905183265208193,1.8599707894869237,-0.73182907894903,1
0.2323658505254111,1.7111330962723628,0.9275016772898987,0.46292454071640926,-0.07405199727234912,0
0.26927688130286664,2.523023908561565,1.1048393915638752,1.8510539807273445,-0.5715163186025891,0
2.3201172069077574,0.9332291917606792,0.5355547954965236,0.20096473979410734,0.01245442718741846,0
2.8980981081236514,1.2988133802881345,0.34897380203108275,0.20624859369605025,-0.006974716081032166,0
0.24204053860860217,0.9189062568860117,0.6937795601635168,1.1655615530013996,-0.5492403022110184,1
0.21156526346135746,0.9970767497076656,1.770120389721196,0.3909167761698408,-0.05001372874661484,1
0.21201638708427206,2.2921381516624217,0.8554755304279283,1.2021652021408091,-0.6562155283177383,0
0.2805876947133767,0.521946768826977,2.0987713440214515,1.8934787013745447,-0.5786761984598909,1
0.26510522589937746,0.5939922908480961,1.4731880169998666,0.963330476490668,-0.24064281028484455,1
0.20654702671146755,0.7469959416321248,0.36487138573327577,0.4423567912772608,1.3028789307965656,1
0.2396318554722634,0.5837043682195635,0.665648750341953,-0.20148474733928606,0.05967682413271798,0
1.9483131386451789,1.323507278611114,0.4102208207220889,0.9500872495501915,1.154680901330335,0
0.6110148380462818,2.0102113593978115,1.852517392610422,0.20833908641962207,-0.08190460998350328,0
0.22149635456360664,1.8944111125046794,1.485490159493567,0.6866244079723134,-0.04029140426601005,0
0.5192506720929682,1.0037142396017888,-0.2968317662311311,0.28300706242938534,-0.6266373336738206,0
0.2175048578836301,2.4553675142015603,1.0070519422012874,0.48835848823426775,1.1457163384143128,0
2.836177875591236,1.1212204274530773,1.9431226823958856,-0.49595273413651486,-0.00019177738773362707,0
0.48902843139033414,1.69369062927926,0.44038468373240347,0.5033100583967912,-0.034315738397959865,1
1.086781913713896,1.9887015706351954,1.0035210651224706,-0.19351401732571333,0.05970776849020297,0
0.22643945779736516,2.43319073542825,0.730897923181124,1.1174322400855592,0.05543749535720803,1
0.5104101653836631,1.8961677445762082,0.43961622263963307,-0.1302033177907212,-0.047673118263007616,0
0.2684110674522665,2.1762336159283837,0.5756303637887721,-0.17302552876116073,-0.05222812803311808,0
0.29598985150764534,0.46330910647015966,1.5727779561695197,0.9786832568845147,-0.518243648178196,0
1.0027227433617165,2.137590750607579,-0.2790153309776044,-0.16133736118688502,-0.08400594935893532,0
0.2652828111959706,0.9606488182904485,0.9010143040684229,0.24781633746004797,-0.16979529973205393,0
0.5254276511798739,2.4242169426768005,-0.5222012097066513,0.2359871207291682,-0.11992905875352923,0
0.2566480377485539,0.9319327125645475,2.372226561152055,-0.5992022988728308,-0.31867106087443353,1
0.5045065208104668,0.4775168577712106,0.9633666101660306,0.5011187604788504,-0.08054755892298014,0
0.2896982288612215,2.531623324027015,-0.3506870166173912,1.1507380623241754,-0.21848155834170246,0
0.29889045254692537,0.9232769096352761,1.6478237147166312,1.159906308561521,-0.07603567458443919,0
0.26020230429671853,0.9413205283479877,2.0955862917262027,-0.6455365404857718,-0.2793975602679427,0
0.2378703236459788,1.3019157347977017,0.3468501944463375,0.5667027111495156,0.35267883958627905,0
0.24751478359437673,0.9382103161789218,2.136086483157382,1.9352510180053466,-0.03795082753177052,0
0.21298309434143364,1.3768499253209092,0.48314196960568045,0.5499862321549998,1.3162436402455777,1
0.5251008982001638,1.400236463191233,0.767945136174205,0.24802444074299942,-0.041002489604662115,0
1.5190100041767614,0.47440913809078855,0.7637960264585084,-0.10640823325733821,-0.04693305210225876,0
1.2686378129739746,0.5230582678375364,0.762912121237918,-0.17757488048796688,-0.2604407725455785,0
1.0016576443138028,0.5027957003194558,0.4937361798569404,0.21170283628573283,0.3496607518849897,0
1.166556170408921,0.6277555929511486,-0.36082881706083575,0.9944224250371348,-0.048010841336796777,1
0.25657036758401863,1.825797759959889,0.4724395216786736,-0.15005195482362194,0.00284305914264988,0
2.583269319081517,0.4931299450361025,-0.31436282118816755,1.165727027174657,-0.04426816164289657,1
0.4987299934281295,1.294252846885502,1.814704539316573,0.5384987684331829,-0.07028977554133323,0
0.265976854263041,0.4635979066081174,1.667022397853012,0.9920196614822303,1.1497033035202144,1
0.4627031650215576,1.219977132610528,-0.3338208227321915,0.5373284554370716,-0.0766931126436732,0
0.47308566674663355,0.4683742201263459,1.6233044541672526,1.0517805551786954,1.02053360543809,0
0.21976685869981635,2.37618775221553,2.1123327148291917,-0.5717142491801547,-0.2154855807631957,0
0.5273882237636193,-0.5280982375275698,0.6209570988319139,0.4732356298602413,-0.12667915220445444,0
0.2609640718218023,0.46853944427074873,1.4910448583747027,1.9230872924575915,-0.7175357170090684,1
0.21695047917920068,0.5642165999097762,2.257331336290067,-0.5517094326116059,-0.2694718011326983,1
0.8898222235126031,2.5523896835120117,1.4078993473925634,1.0599197465230705,-0.06768065287605378,0
0.8311647681319245,0.547638200752501,-0.4204761640406008,-0.21186942668065098,1.2017057887934255,0
0.7650269234838063,0.9765986788215757,2.0224476718569386,0.2071515608594948,0.05867106021455512,1
0.2785427705586875,0.4970820292545895,1.496627915802823,1.0422844067682058,0.9185475887020126,0
0.5176292843102867,0.8334287887248427,2.1945111845899716,-0.6389750885484814,0.39713456308153977,1
0.2435429105192062,1.9512159929987467,2.1060613196711797,-0.5954933334279313,0.018533005185950815,0
0.2953279073258065,1.3884421739674093,1.68269077273951,-0.5657193743092882,-0.31380228746720157,0
0.2122898922537021,0.5175305433191906,0.827874153439303,1.7592321704837388,-0.005268706537449361,1
0.5569445360429965,1.2562195621812604,0.31161663535476347,-0.18934653941247662,-0.06614041947345815,0
0.9531343996794335,1.2999562233101734,-0.34029822333672627,-0.5290280083095672,1.1886067240255516,0
0.5155044304367649,2.713993598722415,-0.4571420836998195,-0.21797798722121092,-0.12422769152256036,0
0.18454548198964035,1.275298661487764,-0.33136204891806265,0.7549301944102903,-0.050683770147126654,0
0.8031514967066228,0.47638110592440563,0.44649872901797194,0.26054439877911784,0.04139944539433735,0
1.2442291167697812,2.589272091983337,0.3888526655346254,-0.13858738517346647,-0.018136007221333527,0
0.5359855433599355,2.288082353595287,1.4549090271436664,-0.5473969388128817,-0.05862171180354585,0
0.17412967857982473,0.42666977815558554,0.3290349566791345,0.5017434143062299,1.141102124199008,0
0.9920507571325773,2.5924504893922213,-0.5144701738487517,-0.1851342628648958,-0.12168909741038046,0
0.4873779050192548,0.8989667903285574,0.8930967413373365,0.9088955540471488,-0.09224975875761732,1
0.5200646681081269,0.4981783952851041,0.3666634695142487,0.41926018904281803,0.4239313427977974,0
0.19929537641438722,0.9182370976168733,2.124756405875113,0.23105131737854595,-0.008018518784432854,0
1.095298969977324,1.8678074858049174,-0.4088234814950986,-0.23940764590578154,-0.16832100663326155,0
1.052028083691274,1.270647256084848,0.4715772882762403,-0.4840696185577695,-0.02506021088304558,0
0.8470235790909821,1.5492472112895044,1.9968097756775136,-0.5853215720816937,-0.18675262070480586,1
0.23565766329860238,0.591685723272646,1.6585027104787597,-0.6697987950226835,0.9142166062015795,1
1.453988934917143,1.9362220025631078,0.4983825587672081,1.1226274746229543,-0.25640664519048073,0
0.4750368069531559,0.522988610067669,0.8698643537208268,-0.5732920563630193,-0.18139286573901697,0
0.6448557889641767,2.473838424292411,-0.4295647752313676,-0.21294165920035546,-0.023203846164788454,0
2.6366161948211944,0.9303277787147153,1.882938204641369,-0.2744071028766267,0.01873126356356007,1
0.28095344235495034,0.791514151976373,2.340717855699229,0.9621041842296647,0.47914325984737116,1
0.22280201718688117,0.9735566703001118,0.6902270252059677,1.2572733831267953,-0.04707248198999041,0
0.5306959289806173,1.2523251694837354,0.4600807778545839,-0.536178410412863,0.5140872407924955,0
1.0211197280605477,1.4120692332164202,-0.3731422650506649,-0.12025436821087769,-0.036838262350968834,0
0.24728871990815268,0.42197764099180346,1.8433278999885128,1.080581681147332,1.1107092022653127,0
0.5694360151671446,0.5833244987485479,1.4828535708519075,-0.5469575296713816,-0.05941031242632327,0
1.4394767350908506,2.209971185918075,0.36379656024131507,-0.17404322563488359,-0.02095028687974409,1
0.9821362101126128,2.02758238857846,0.7569507481455549,-0.4847237445036401,-0.08751034964417674,1
2.5863537321507253,1.0732706115383006,0.4106386760693389,0.21337900075522426,-0.04079969290203815,0
0.45731711891642807,1.9814116296414355,1.8588388908472762,0.29104757135966874,0.40333340657896394,0
0.22910672060378331,0.5264465233205635,0.5674558972345362,-0.17230720442292927,-0.011230137609431992,0
1.024749553381107,0.4388433497264878,0.9957710271452442,1.1920192379911225,-0.030975306756188974,1
0.3182872581865599,0.5335176783448872,1.7300064963541972,-0.6285409916706227,1.0266913636402262,0
0.24409908271003933,0.9316036702061391,2.0803518654102215,-0.48488831349149814,0.020513432015006786,0
1.3433520471085036,0.8240409883816985,0.4192849697913048,0.24809021672340537,0.45063031922188324,0
0.38819943420974573,1.6903594226291172,1.9684481801255311,0.5403706240781504,-0.056436490233986066,0
0.14773826390878042,0.45335574211500584,0.43327138014210237,0.9897863448576494,-0.04322626246031809,0
0.45384632657279567,1.8963791315669996,0.9384736179183496,1.0787280893667062,1.0477629867082423,1
0.26559255986206926,0.5477000117873085,1.039172666287996,2.0087703557103174,-0.06630831339903567,0
0.5544675926325399,2.655871867436227,0.6441260171472588,-0.21461413681428043,-0.11079497850300637,0
0.8718639422397462,2.810374417300015,0.6614860912424758,-0.6952996767735422,-0.09285301406629401,0
1.2882549766398237,1.9638483329209397,0.35202602297595853,0.4528927721509641,-0.0021896857302714234,0
0.2677309502796246,0.5195313492949837,0.7549511668109954,0.9535628814963233,1.2061793095007616,1
0.2842680765126117,1.0097412279113602,2.311080757722838,0.8852161442118477,1.2755252057204312,1
0.15666685413593168,0.8844214201368543,0.9177439865706143,-0.5180314189881406,-0.05226733001832027,0
2.7478194029740943,0.48600476151152056,0.41638243811933284,1.0837562370508242,-0.02180091027355731,0
0.31741432766133937,1.4464065930119334,2.2305714473019935,-0.49614590482475296,1.0606928865327812,0
0.8860397755320236,1.9530031820499087,-0.42003156232296585,-0.1849491903955516,0.2584803859438537,0
0.21636141233774003,1.3670272151246332,2.0155026832996437,-0.5817586550752477,-0.04755926272353735,1
0.2519154717330104,0.5301604821401165,0.7265330304669083,0.9919322711417946,-0.03720259736602741,1
0.26599153975171114,2.223468260129975,2.0207656275033865,-0.635044584943117,-0.054431713777446995,0
1.3763943997546175,2.109454102838286,0.4196754055205221,0.25019789118973323,0.012957447721309495,0
0.3025533727213931,-0.35370056150024654,2.028412429884996,-0.44644337471238604,0.4082632541154943,0
1.5944461054627141,0.915073386752129,1.8186595640717973,-0.5214835970909875,-0.04327848671200375,0
0.26321032462165905,1.29455969198798,0.4666158800976934,-0.5115623592799317,-0.08234344628057821,0
0.8639807689994371,1.1804800113753464,0.3894095293905508,-0.13209618802342926,-0.005433550310967532,0
0.2780775220999953,0.7799108081167727,1.950055691751543,0.968825146098051,1.1120133338577274,1
0.8027767611108453,2.390676332496659,1.4654386501675833,-0.5348172545721068,-0.08079482759575327,0
0.8996620976551144,2.5023639395336548,0.8523681000164186,-0.14574221760428607,-0.11686382011491572,0
0.27201111613193085,1.0579880535807151,0.8911326545570462,1.0785962551328088,0.4232465014901095,1
0.6204200352812004,-0.3728304990983274,-0.45365542227349703,-0.5956919014225716,-0.4998077491571148,1
0.26283370754820023,0.8964274363014981,1.3493346940870659,1.736638236493385,-0.3298552816373345,1
3.3808276159178057,-0.367087168228574,-0.3839866611953404,0.2747394836725481,-0.10833067856375238,0
0.8565633427616389,1.848131961238198,-0.33697433504484864,0.1500825223309567,-0.035693973329378105,0
0.24205708540459042,0.47680312577532574,0.43405060415606633,1.2362325299985886,-0.6265943015427988,1
0.6276991124985544,1.6650518053102905,0.6336071486663128,0.22544047919491794,0.00936382333365468,0
0.5832828140321868,1.0334166212565967,0.9472692657322398,-0.5523072949432943,-0.006535551421908391,0
0.52675346307035,0.8589960854016975,2.149504499769097,0.930629567226663,-0.25513562091287967,1
0.48359063137043695,0.511528519054151,0.3195224573192868,0.26356150525427285,-0.05332907062832575,0
0.5033145655026268,0.5313007649914949,0.8598335154336122,0.33762400672266146,-0.06563158482255524,0
0.27651914518539056,0.9912556423052481,0.504673776086184,0.3042645853893599,-0.015045547967371078,0
0.27371307444376747,0.8974363819625297,0.7600190618562119,1.1138813261613112,-0.4564764405316214,1
0.22848584424632595,1.1793819739163025,1.6149620352824643,0.5606246226729281,-0.04209288055655438,0
0.27848375430608635,0.4371962227251456,2.2849601317220416,0.9837770714726178,1.1080436040197765,1
0.46795117120824625,2.0373152743327587,1.7717642559161586,0.8942399188397023,0.3564642820259347,0
2.88669991381975,2.1460889970042847,0.3491749624632464,0.2413955195627065,0.0123179249749613,0
1.0147731157251183,1.7952540956585037,0.7206080315047264,-0.0967985843883562,-0.005630046378498052,0
0.5387615011902225,1.6345506882904697,1.6269248795775537,-0.1748305041663269,-0.12346117400069256,0
0.8680185551062904,1.1938108752302485,2.0077688152927475,0.17272826608656816,0.29043699548427737,0
0.3605986046552214,0.6153204107254342,1.0732615163240553,0.949689035471273,0.12321382638312711,1
1.0717475515581714,0.9563035831634914,0.37181060840113617,1.0703471421979627,1.3028921397146993,0
0.5805231469193382,2.6851098550506887,-0.4349429989356589,-0.14679023099879715,-0.20919423234442347,0
0.2624652621413639,0.5619841134239747,0.8966535221679036,0.8871238315047161,1.3852486837073519,1
0.2557766414831308,1.2870295797563216,2.2115480813861823,-0.6569672307352136,-0.13522340649718348,0
0.5607232338873092,1.5190399350073267,-0.47161179556234517,-0.1318481841814492,-0.03790898547050808,0
1.4178417212142853,1.0098960400394221,-0.32141131178916016,0.2813255588428032,1.3701448964528826,1
0.23139059865724448,0.5407061208444697,2.0118085273396877,1.771526151823215,0.4628085439256254,0
3.1501622949368926,0.6429089678440436,0.45704373980387186,-0.14158011619479463,-0.008685732392736081,0
0.2335491023089297,2.0197705280319287,2.0563821023228965,-0.5080711297397091,-0.07067517468057641,0
0.6018452429369445,2.0980376059512182,-0.4098314667617092,-0.12353968615121341,-0.05586624886745093,0
0.8219374762755254,2.0875428574283426,-0.3183471050095801,-0.11430042938383966,-0.07722945439428364,0
0.2886948832389561,1.015223081129588,1.658846486964582,-0.5142372850253641,-0.09047272661161375,1
1.0473381037025946,0.8437543515867936,0.7740427922665757,0.2325701325466313,-0.24840977582961565,0
1.5303564421624984,2.412962774530248,-0.4200768446751829,0.21751278788578288,-0.024832091140213397,0
1.9346832090643655,1.6669804311501304,0.7097519236287876,-0.1621361008333795,-0.26304040427142517,0
0.5441422405105453,1.8512318810608528,1.8603237284788166,0.9237423248450094,0.11440498731865595,1
2.5647049737665397,-0.33868209050185427,-0.3365929522300684,-0.45468715958290384,-0.01495837838713493,0
0.37568767950549864,-0.5140641895913989,-0.47738418771800134,-0.22842392745478782,-0.12165321858467504,1
0.5464981120460851,0.5848720645989306,1.6295774041471438,-0.16699867332157206,1.1290027534310974,1
1.1761034017859915,2.6184769931227545,0.8954525269490369,-0.1445130423123755,-0.09599875261930724,1
0.6092025202047799,2.6002915073146133,0.3906144961791794,-0.14545619896884998,-0.047022901956546806,0
0.2186881308847334,0.42816714874594636,1.9613337998946707,0.8928047750852606,-0.2021606467931928,0
0.23238888929004126,1.9961647003629506,0.42158188910838945,1.780720107912871,0.005286337885785267,1
0.6766160196581741,2.2665856785189646,-0.4001422547419855,0.27256911908803305,-0.07620463342730359,0
0.5161115886140566,0.5840001074121929,1.7106803474571508,1.1712228520645103,-0.7092434976212838,0
0.569072903194891,1.5038775825408448,-0.5595100744805444,0.20983435930027314,-0.02783059847676024,0
0.5196234511001809,0.8468670380632969,2.180932364338815,1.0661540185370675,-0.30213004667802135,1
1.2602218753029704,0.45262512324304427,-0.27127412611558144,-0.15652947846637988,-0.06508018059263943,0
2.5460562137701648,0.5099374712257229,-0.31022037588099305,1.9356784320471552,0.36687106797408603,0
3.103939272063612,1.4887497165554489,0.3016031062277381,0.23828777937203469,0.021723594901622373,0
0.30327283332535887,2.1138494508170704,-0.3723986473264652,0.5808740059459448,-0.07124516450370715,0
0.5279684560453997,0.9278770814198851,2.0936124756151338,1.1379997857742772,-0.18879718544566462,0
0.6497689653394891,2.5745246790723035,-0.45145994278399804,0.46389580915862955,1.0879363444602144,1
0.8906641182510003,2.3446408945826964,-0.3955262826384412,-0.552457344659617,-0.08308823165730418,0
0.21933724937808877,1.186389020010344,1.7732120227587218,-0.14662401819661966,-0.19188167949752052,0
2.841763129317491,2.0772694346372065,0.4107437121347949,-0.16469313618462347,-0.07695453402200167,0
0.30890545545232967,0.5526038431060452,1.953408898671736,0.936055650778819,0.8923077193063471,1
0.31247665938565977,2.50829067827058,0.7737600833299177,1.0079981788172154,-0.13433273972050225,1
0.24031199073048243,0.8629592774241146,1.859334881834039,1.0466089685661515,-0.3337485706814292,0
0.20321457826028388,0.6021378195114081,1.9757058580063744,0.9019023463280553,-0.2953486308526589,1
0.8102356544677372,1.9949893906451157,1.5774836395408036,-0.33966352468752403,-0.14252638668165396,0
1.8558519973758811,0.44244626725669794,0.3072611595486274,0.2583702254206055,-0.09737435462934288,0
0.473635007705085,0.45727612370024695,0.7724691003016787,0.4575744982064197,0.5633044459298161,1
2.773680876817675,0.5114135489167468,1.5850964205824847,-0.10906680285196613,-0.035631973152061264,1
0.5086749162328366,0.8343097734151033,-0.43701796456908154,-0.13936283184547882,-0.11545005580731194,0
0.9483278422433524,0.9090279890258618,2.0015783758619685,0.7855006680261952,1.3788707366965478,0
0.6517298613250908,2.366874075868307,-0.33825792476281513,-0.13474680579032508,0.000896616279402733,0
0.20872299745127146,0.9200556904229803,0.8418060184964195,1.0117856215020833,1.2291055402001732,1
0.2206114521398587,0.4857245315207669,0.7366466961846218,1.0562646591280713,-0.019929011620392536,0
0.6952000572260865,1.361043515993262,-0.37046752807405803,0.4572092196220015,0.5015825975213557,0
0.23902882430452263,0.5714844579548811,0.7573136490291181,1.2034964647816964,1.0791121724984363,1
0.3011130011836249,0.49381133163770113,0.6200778742359035,1.1821832479168162,-0.5889141578865988,1
0.18351432376393506,0.9921782308731394,0.36093999198306426,0.24512001319603033,-0.033578809610439575,0
0.2286319971865631,0.8372991922883172,2.0876861842797116,-0.5594153592301564,-0.27405541105584885,1
0.42528816912407197,-0.2551533859715668,-0.34534317572928813,-0.47861429829675306,-0.23801645808499033,0
1.859789690040314,-0.27043915956947684,2.02250418879469,-0.6177638180864568,0.32359815866761554,1
0.8687801284067986,2.207588263607299,2.155911405854439,1.178240311284603,-0.6995622066920348,0
2.981308992909435,0.8323263670291863,0.32380663953543676,0.9300215868592071,-0.4556229459503406,0
0.12905410842605763,1.3223622292180723,0.9155618236601946,1.6824617880807071,-0.01266019650714835,0
0.5650377402807485,0.562392328887248,0.970272129061301,-0.5310240805136638,0.4805542489572495,0
1.0188224231273808,1.8829369219427776,0.6622129276250925,0.564784004921611,-0.3261370196780505,0
0.3449383516032801,2.16152413300277,2.2172700086721404,-0.6033176300458342,0.4292632247273023,0
0.558520180683115,0.9581944056743881,1.912671140685531,0.5517429332032056,1.205943758495335,0
0.9418718932951597,0.8308703393941878,0.7625856181240539,0.9735632271099277,1.341979353196569,1
0.5116210212564473,2.5994926198856185,-0.414795431058997,-0.22719706185774907,-0.1030257155273365,0
0.3283175614902584,0.9966708938065861,1.257104424161861,0.8738405634169064,1.1373116841831892,1
0.6509025531621633,2.1514037410126026,-0.39978124579792734,0.28542010957692465,-0.12933690860291513,0
0.6025755381211931,2.1748847841868053,0.3660383045191931,-0.18888379857910098,-0.11069371044214038,0
0.29209811261069646,0.6066512921440163,1.9229011978701742,1.8157758059171454,-0.2759084489933654,1
0.19568573936455458,1.8060844192002312,2.144084927497726,-0.7030372529324299,-0.021464074073842623,0
0.5482190486945759,2.3656230160180343,-0.4407536762761181,-0.15900467022018885,-0.10061436924032854,0
0.2722091200451602,0.46594770274328157,1.4528211921409095,1.0838905610363312,-0.06275203492257063,1
1.1057358320170758,2.6775245101593286,-0.44345761128474454,0.2635699032592622,-0.06095570322183306,0
0.2583845530769871,0.44571275582548364,-0.3032124072206739,-0.4246665481600286,-0.036816149125100596,0
0.5478684326066776,0.910033247109945,2.079944365836897,1.0535622789587908,-0.09541334634860743,0
1.8846171329089598,1.0915442270327556,-0.29916942582478123,1.0046340717106972,-0.18058531930159658,0
1.2132070535486157,-0.23300470171571533,0.4712110504639784,-0.12442071116335021,0.004649857760256761,0
0.5588405072080139,0.4711211965083566,0.7963317137616531,2.0735211926337307,-0.05456590352276879,1
0.508315237209688,2.3046338986751636,0.4296142887663736,0.505953510988353,-0.0946174901295486,0
0.21285076820173343,0.909307474065406,2.3370840340546066,-0.15814073922286598,-0.04965875016713879,0
0.28099544610795085,1.035899428577041,0.9258259640146183,-0.5890329775229378,-0.32877406977385676,1
0.20237251680104676,0.5246116628674913,-0.2892076589923468,0.2228640083538733,-0.09222492675423447,0
0.2607103402167557,0.5462005447362069,0.7110746827128447,1.9573824426259294,1.4250413369776196,1
1.1392078433641077,1.9401557320465623,0.7212111504694628,0.24165178639333035,-0.00478045325826932,1
0.2615057258155542,1.8551474015434084,1.8263364037638339,1.0092433799872227,-0.5576965465584074,1
0.22262634142581197,1.4618917105664262,0.8118513371165441,-0.07282890624114523,-0.01767573099121532,0
0.45401222239417394,2.4589223792629387,0.6645100111164425,0.1944005605786167,-0.27409309900568213,0
0.5626892050386044,0.5575235361085183,0.40356583388744477,0.9808248482069619,-0.21674897958550157,0
0.46806377237077296,2.146613099198458,-0.4368870160609162,-0.23638660478679335,-0.052182576083202724,0
0.2729567145062605,0.9636381136412941,-0.34725896244524057,0.9726461650638569,1.1936104092481203,0
0.6533547915702097,2.1399523523469157,0.6925345613042294,-0.5866834844937545,-0.14917449468699726,0
0.21352212592649444,1.3351187894851826,0.7231602572997113,-0.6024916381147919,-0.781337342198404,1
0.8658750801425232,1.976297867480538,0.7862671810585574,-0.11907531585454326,-0.060444659658340005,0
1.2721814610482263,0.6472706567190201,-0.3203506379050515,1.9872133742668947,1.3764102944824124,0
0.25706173929802023,2.3409946471471486,2.1531312564846656,0.22162381554615493,-0.09507773924720406,1
2.9651496817981204,1.2462308789738565,-0.35670040062272484,0.2585616927412108,-0.09086561029682379,0
0.19535924848688963,1.3838914426923732,0.7988730328739831,0.45723289569016423,-0.04638950945099491,0
0.25826348822334433,0.8811358525258695,1.5817775725646177,0.45496028514680337,1.050979052958137,1
0.2419866044031886,0.39062246731617495,1.0165343466609504,1.219656914349702,-0.8180079604496509,1
0.8736098727032683,1.8440781498970302,1.0303721682385816,-0.22293878566290032,-0.03570095780103201,0
0.2188411891244076,0.5310263647742627,0.7486063999412579,-0.5630790582882154,-0.6209772338415586,1
2.7088431908423587,2.0301238245242175,1.138190827521295,0.5808151730464447,-0.044273750952404815,0
0.055197045732027106,0.8451872805389434,0.7571141787755453,-0.665317835139466,1.1386251213740655,1
0.30406240916718796,1.9302930868383137,-0.3918694617359902,0.5902016622602432,-0.06160346213186545,0
2.6536452181942023,1.204063804278071,-0.2947684253526833,1.8370132351993553,-0.090005913265477,0
2.035606198398178,2.511688507179404,-0.41205570795644425,-0.13870656315608956,0.47581853696696513,0
0.1354629798241534,0.4374513827315245,0.48781656746026153,1.107184997744455,1.2001491812648977,0
0.24847679915139154,0.476139040734346,-0.3978100143668337,0.2675648000652273,-0.24167420279926727,0
0.2993187371001245,0.9581912095331117,0.7920233524924799,1.8994563735445429,-0.7580910710628503,1
0.5930541061278825,0.9886031615718208,0.3329066865344736,0.3617172257239589,-0.794667751193685,0
0.6462846962194377,2.560362843050377,-0.4723900165905446,0.2778099597391536,-0.07323404740864514,0
0.6289267150877824,1.9070113346757336,-0.405614780817587,-0.21677813340626464,-0.00019641663135969156,0
1.2289028195283798,2.3060306124794527,0.6532424002994576,0.6603567653583914,-0.051365897869314114,0
0.2700206988925993,2.3019538013504497,0.8515550266718401,1.057665130262088,-0.3236191550085033,0
0.5327249150915898,1.4937030665837194,0.3710126253330599,-0.5971461924123798,-0.10622307620942516,0
1.270864519382201,1.2920483449642215,-0.3284232279782482,-0.19724953684267135,-0.09559558728572333,0
0.20713932936411197,2.0805220006566536,-0.3907113893535323,-0.18062031727074976,0.002672539826929436,0
0.9766217035174996,1.9433171072472506,0.3893150348888758,0.595985926333751,1.1499591489758179,0
0.5741692373389823,2.5224631143728944,0.7535204413557743,-0.24438804124196756,-0.10823130837527886,0
1.2963148485382656,1.3272026578476732,0.8279139562618506,0.21336416308088438,1.1372611875899077,1
0.5799538125459183,1.9050046377445402,-0.5648492798116477,0.3091690562689046,-0.08590190881654253,0
0.22291913637043587,0.7884255214810715,0.45157084890908417,2.078838544913081,-0.056038539530737695,0
0.20339470759473366,0.5065860575665119,2.1441626284123663,-0.5134976873583015,-0.08197143169930865,1
0.6024091931389948,2.7076434469243336,-0.41933882946657786,-0.15894809832107148,-0.1333273148454242,0
0.5843723457369973,0.8726919676594965,0.6449434165236463,0.27546413979044126,0.0024782940938071416,0
0.6117470968695005,1.0218615514825085,1.0875702669318694,0.8895842625166436,0.46232777134096,0
0.29413856359929647,1.391504158776987,1.8591648723448655,-0.6062993817391591,-0.264231973187679,1
2.456073250734951,2.092804094714293,-0.2940023284976342,0.8735245535800487,-0.19312101472599028,0
0.5810748315759152,0.911626142836482,2.2948389515016205,-0.4849828324547316,0.634854268596759,0
0.343041605019687,0.5126169139262446,1.3716260874918893,-0.5258102250499276,-0.7091825665822614,1
0.4113509680062678,0.9684999193119547,2.168655846009895,-0.5883693660553525,-0.2411386897724308,0
0.257486007345954,0.5306002694958146,1.7010937997292719,0.1768476727575125,-0.015715533071866496,0
0.30241800820472664,0.9523720244475489,2.2430473536286524,0.9561595603927286,-0.13641660458307,0
0.2563596104708189,0.9797715824525639,2.011390874251635,1.0071699190907424,0.5059473137034276,0
0.3294989475628093,0.6148972574034323,1.9290415858268162,0.99112945710116,-0.634153251258477,1
0.518032380233241,2.7457484282647497,-0.5323268919597828,0.2292420715042933,0.0061370787669370735,0
0.9809329712327082,1.4606743814378682,1.557830016383764,1.0137786912426654,-0.2919226791649217,0
0.3090086396986672,2.0533156392610414,-0.41939911561589227,-0.5411014091156201,0.9704123896841769,0
0.2693201872174241,0.9013098788928103,2.055570300729275,0.5504094779440288,-0.20953096052567777,1
0.2778979051902323,2.6342031089592166,-0.4861889195232836,0.9168548372605457,-0.19084938740949647,0
0.309133321667746,1.3457457276944143,0.44073525073140757,0.29230843739870044,0.3968840488035892,0
0.23242651858228688,2.0244594107955147,0.7290244849707849,-0.1657087811799685,-0.08925260252546417,0
0.8618396371414567,2.0529053006451394,0.6697973124088141,-0.16587681787403738,-0.023471599809416908,0
0.49083305447355496,0.49186095965351706,-0.35956205614149034,0.5585919092375196,0.005344629680697127,0
0.5508674477311781,0.837945994008816,0.9097371627101734,1.8127551356878917,1.3785310810972913,1
0.2689720880849153,2.119990737143865,2.007141150896624,0.9657698035568981,0.44465464847782094,0
1.2493274243417698,1.1317570954256875,0.7315872682730431,-0.6046208108262088,-0.10105803758076462,0
2.8835185881395877,0.5776606405124036,0.2729242493762951,0.948555825969306,1.3692157085183878,1
0.9104698676365675,1.5159242560563115,-0.23744618477195378,-0.19618441238762774,-0.22694767039741148,0
0.5208571519113132,0.909618963219784,0.37128656176822206,-0.14866203272330183,1.1323088988382548,1
0.57266712262851,1.0210397803274913,0.657621479186972,0.9895826667898446,-0.15276933854772742,1
0.4833250578374372,2.068235775533548,-0.4517563952876947,0.16321070093313733,-0.004849818987966499,0
0.2616808002311822,2.0344437758586555,-0.3902803662316593,0.21586497747285857,-0.10279156627403838,0
1.0549282397354285,1.1999057768929569,0.9113859255568555,-0.21673449636662007,-0.6820906631517676,0
2.935663714483807,0.5189641930220471,0.8055997247227471,-0.13843297084952103,-0.0195954530161747,0
0.2605412551414372,0.489829049169335,0.98360592465023,0.9556171481997611,-0.09442622074233706,0
0.25636353353393554,2.4504244318091426,-0.3925319426020551,1.0027008208460242,-0.2910412853184451,0
0.23928758520715668,0.5208392654927647,0.6975788719902398,0.6009052925069118,1.4828889422736242,0
0.22740675773396224,0.9986224854625504,2.0004025848102565,1.845059324771251,-0.20048059895124754,0
0.42114672209124504,0.5118803800400502,1.1110832229766614,0.8168601646676097,0.9967135311051991,1
2.985493504446394,-0.18348421202672321,-0.3619855917529817,0.22538800942182854,-0.07353529699475292,0
0.40689945028726865,0.4644395319244013,1.6077874016690714,1.151202231243552,1.4182181755071948,1
0.25116093391740435,1.9495692489960348,0.4205174505529086,1.0138187913329817,-0.010851011992819494,0
0.6918633952723712,0.5489622516346754,2.1084571954422153,-0.5621205808783779,-0.4494948510600597,1
0.5329014151392539,1.0058145207592237,-0.35297791951261526,1.6735636655328028,-0.10790157865330047,0
0.5750144658669392,2.1205359036566,-0.4782026172222747,0.21483243466712107,1.1490796024495535,0
0.17782710000702615,0.4846857766921692,0.8577153117274484,-0.47996561368110835,-0.050506649511569635,0
0.24135220304826346,0.527330097146013,1.9619354364801327,-0.6125949804115824,0.5201901406962365,0
2.8255800275635212,-0.39028465168438026,0.9442995373078583,-0.1854962681178282,-0.060110779470189,1
1.1061909467374051,0.5553009536718647,0.43632434157595623,1.0830127821308297,0.3755766012342477,1
0.5582451733332743,-0.24552474849791794,-0.5297877436971805,0.27046282031203,0.165237385905188,0
0.4385283071998461,0.5235292987757318,-0.4248014946896961,0.5327134943823042,0.9935409803666249,0
0.28209950428100583,1.9295173346259153,1.115039379193255,-0.6099679090585363,0.3171279498047247,0
0.2191039800964899,2.013782233893266,0.7838715325965662,-0.15724305486173987,-0.006714294851329579,0
2.311358090521269,1.0004482541462334,0.342414214859786,1.0842803863498836,1.2772250906410616,0
0.244668398594088,0.9523429542302139,0.8626379583183172,0.25124782523877953,0.025419667124242123,0
0.5703409648087643,2.234988834870059,-0.419484176094479,0.18936648348588292,0.49660034401327585,0
0.5154498257255211,0.515084261034137,1.435383600373746,1.0828148563087534,1.4067517579279556,0
0.23860074735867817,0.47424334721084477,0.747786110633785,0.34945360644998463,-0.11350508605454086,0
2.528095648880264,0.5286595780918862,1.8773233581068927,1.6174371601147315,-0.16793336444938647,0
3.2240646161267534,2.020537972387667,1.816808719870717,-0.5078965823451268,-0.22517948526285017,0
0.21561319693848982,2.1889201113702144,0.40887744169061896,-0.144088842559018,-0.22702719374978667,0
0.5205129838724964,1.252735970591145,0.40135764050503936,0.5448071265973765,-0.03399294193520573,0
0.3007814202116071,0.5732890222464462,2.1207767087207348,1.8626966183566873,0.01574052997258274,1
0.33465648394953373,2.409377390023464,-0.42253912238597807,1.8542806356833403,-0.06914957748912183,0
0.753825021445876,0.48158419434297073,0.4986486641009098,1.1086722942504135,-0.2243964848940608,0
0.1664106758685736,0.4148238165881784,0.3571211353368525,0.5512950769451809,-0.026751581202991478,0
0.21628898261539706,0.4713011649920352,0.43127053300143464,1.2713166384625214,-0.5889180013760082,1
0.1687554226053987,1.0401900472658063,0.39040262448784396,0.8575284181873912,-0.07522313215080585,1
0.251517087160284,1.8362461334497278,1.0663950300268863,-0.5321187594391324,-0.07750282333119714,0
2.687145765652562,1.0318806360486497,0.40271509026214963,0.22528363184065164,-0.03491168539167757,0
0.573355513411628,1.0085222783016277,0.8867591703554776,1.093872352473829,-0.46284851034091073,1
0.5091719344545476,2.514928587068919,-0.37342005744507756,0.42985590286388253,0.016943491869811755,0
0.6235664874449128,0.5269348244480603,0.7221122032054818,1.920772036836498,-0.01220684600501476,0
1.442827806799155,0.9696696466678285,0.7542472371213997,0.6958239964077513,-0.6151953632945873,0
0.18280315365527516,1.8823597453883956,-0.29781772396843365,-0.181766194086508,-0.028962967052228686,0
1.27741570796648,0.9152376898371519,0.4190236489348376,-0.15379653556049833,-0.22119784175129634,0
0.33707379013835875,0.9824709013239732,1.668725198622771,1.0212175244186272,1.3629608037048448,1
0.20772569844030994,-0.28205943111706744,0.4311534582498596,0.5815481898880618,0.0022294528981945325,0
0.4523549629296465,1.8121629413770528,1.0297377469449915,-0.5424246889707142,-0.10344719984825163,0
0.5232723645013604,0.8130963661511258,0.6650702913344954,1.0268267461772396,0.007255148530800913,0
0.49921970972732493,0.7346626037370606,1.5458680582932678,-0.3811130445014974,0.3627159322809932,0
0.5314319020183104,0.8090543591376658,0.32966895300979343,1.1115117333596205,-0.5196716321948267,0
0.4579103135188,0.8557993535338737,0.3999580966043771,0.9770303571201656,1.2327489197724617,1
0.622848417496833,0.9058736506319006,0.3671817486564592,0.8800911319868927,0.3336003089424081,0
0.3154952489811942,0.9874069632382763,0.9720006271582557,-0.5041737572036756,-0.0006087640523281534,0
0.3752447493521168,1.2990096703537173,0.655819659359111,0.24183289917159545,-0.01909629751447342,0
2.233914413543255,1.271693566780985,0.7267093192180624,-0.13636654395086714,-0.08564106583741939,0
0.1782963242784351,1.3839945310785557,0.8754793222754779,0.6213165985124952,-0.5036376741271757,0
0.23045038799519585,0.5394433741604402,0.2832825306547677,0.7063688197363953,-0.05210113024510263,0
0.8280386719589026,0.48730224032975644,0.913442068861355,1.7586311306166145,-0.06866763538877076,0
0.22913558443139687,0.5614918621382388,0.8283894730479021,1.0300521345094251,-0.30369016880671684,1
0.28363407454751594,0.4552620469551796,0.4326617596753626,0.5171437442099364,1.333535287137176,1
2.7786566789975824,1.3368097620565023,-0.3028620494317967,-0.6026190280535174,-0.06342152597774482,0
0.248860338479516,0.9363700799378664,1.9668425253173725,-0.6191547309615512,-0.10417090506034998,0
0.2418279727914801,2.031900364561461,0.29718881033975125,0.27788549143199365,-0.08002022453499434,0
0.30980894554752625,0.8718757086901591,-0.4917811492286664,-0.5670405576068634,-0.28246515854933835,0
1.7801224071804187,2.036998539329848,0.6551167146494355,-0.16087519493627425,-0.06352547214743132,0
0.24903525464634363,0.8303032018810131,0.832886426452411,1.0238709748387111,-0.3711091000215144,1
0.23743027781586976,1.8833080441423462,-0.4000266447473542,0.4789507104838465,-0.005279572610020267,0
0.266813273022198,2.600916238676246,-0.5621498289406807,0.20225120626119647,0.00267759479498432,0
0.1738934929989056,1.770946315069386,0.3163390492805671,0.4791143508650031,-0.04488754999659527,1
0.6513584168437765,2.377726900530089,-0.4783990479539617,0.5229583617105,-0.23169399854082487,0
0.3112002197987089,1.1437606530602178,1.7673870590474476,-0.5476647032645205,-0.02542442313889781,0
0.26322193556220863,0.9097150221264277,-0.32532914111549693,0.5062699190350922,-0.22600480743153561,0
0.691773308559177,0.9761332233778522,0.8435472464608984,1.7094660349517012,0.23240607037169578,1
0.17162042531661664,2.496510917130221,0.7006046869655727,-0.6044812223427422,-0.032451102872316145,0
0.2446011918357215,2.935343085228271,-0.3257525414689969,-0.23414693372703485,-0.06543400726901058,0
3.1778645418955898,0.47578705188737963,-0.28547955544304515,-0.1630635129277635,-0.10118838827667345,0
0.232313253946241,0.5902539972453045,1.866718926207158,1.0035267369994858,-0.5671288237800601,0
0.2628937396073863,0.5018682099611177,1.6946302704669256,0.9144432393313223,1.3451022017650858,1
0.3181692075957804,0.5524847065408941,2.250727290743729,1.7153458837513682,-0.05881432702328333,1
0.31491370984629513,0.572806251110104,1.0605046942661156,1.7128384779721026,-0.06354706119901973,0
0.2957922967195827,1.0526144445577479,-0.18103929269926894,-0.586294760600235,0.03974625996567854,0
0.17231955947366323,0.9899555925406613,2.191800886213667,-0.6120512779516445,-0.05805895498297756,0
0.9269273441386345,2.6203198182331424,-0.4872417355405696,-0.1626303442854634,-0.09073051491993375,0
-0.06435765647452191,0.5809909306017991,0.9274645480815221,-0.1678817495018484,-0.01691735624566002,0
0.25630728286751153,0.8527082641714308,2.029172815326508,1.6470892156606842,0.9890258282667652,1
0.6264422453543524,2.151119509889198,2.0214226684000614,-0.5126039359527956,-0.22121383533311567,0
0.28619164644442324,0.9586769921265477,-0.3427695649561079,-0.5245629127135378,0.01020396625436721,1
0.5604880463717157,1.9122339200040561,0.7288245704912681,0.2889342520672892,-0.08360923076649412,0
0.20515882000681213,2.0435426103823278,1.9143945775736295,-0.5578391345243087,1.6019938534993599,1
0.2968203102641304,1.8978563042488412,1.9392031688433855,-0.7006509652469423,0.49045829726488993,0
0.9529384415389446,2.628911830287701,-0.31991747233233586,0.22559698937018308,-0.04433388225260184,0
1.3535704221069293,1.9494309256213502,1.5240323867384886,-0.18327405524755938,-0.09357957384306045,0
0.2496687336368326,0.960360833609199,0.8141820990413211,1.9104168969982378,1.108365209841304,0
0.3113400996811446,1.9490467482184586,1.0285478609486514,0.5352113487734972,-0.054832529740821236,0
2.5261219996189554,2.3251049689637266,1.7118238408759727,0.25995325475596337,-0.10776085292164608,0
0.2617735038855439,-0.24208107898195586,2.290568008966854,-0.6556690319732883,0.44430712865070165,0
0.6118368484149205,1.3297400443473404,0.42095503935740297,0.16534005016480496,-0.0905196793721045,0
0.6023208293853396,0.9066708635437428,0.40563099522246865,1.090719459295515,-0.18159443037162884,0
0.23550117953757546,0.47482301630186485,0.393888136737318,1.0689219385882043,1.3824716773968282,1
0.4662011485174151,2.355774194081131,-0.34946968481500595,-0.15645055110730396,0.02821250383711353,0
0.23387981573841715,0.49958055200078877,0.42847822368787775,-0.07967156906322609,-0.037403148252986934,0
0.22859505174343012,0.8765854486754124,0.734745577083589,1.2238503539449872,-0.06407917039294533,0
0.21937250118227541,0.9245347456305394,1.6451409370915704,0.2792324019555501,-0.03217161254381294,0
2.9969734718613776,1.349245701727226,-0.3220751129256141,-0.16928354465541942,-0.04176584325275181,0
1.1419733228675744,-0.5014095702739869,0.33940352444015576,0.159187707675362,-0.030891324396573848,0
0.4798382900527114,1.8951360583529628,0.727777434398324,-0.5199483192024794,-0.47358572275457356,1
0.484515450619876,0.37713065044668814,-0.40191481735728196,0.4983024437332046,-0.07853748913465118,0
0.31396140515203413,0.5600248925324222,2.2490779025611833,1.1856489067101939,-0.02610363853071157,0
0.2591956580566178,0.546770846564181,0.8595144879148073,1.1366791423012397,1.0507812646748684,0
0.6887595431085124,0.853981694865676,0.6854028220728153,0.6222081199659851,-0.16637978122705777,1
0.277859690365651,1.282055842051634,0.753106136899021,1.8580855865323886,0.00759208414287902,1
0.15802148717504663,0.9413274301603094,2.1742632575814174,-0.5535779381281251,-0.0625491267575998,0
1.0045790731652555,2.5438309849149476,1.5923923500032306,-0.20262336014869206,-0.11062083214226918,0
0.28626889597308464,0.5119126920291927,2.2927687809344173,-0.7023994281164383,1.2181181226649536,1
0.2536220659811308,0.8954517331152921,2.1457238446837272,0.7993029267231764,-0.04128471377315925,0
1.0628583804918916,2.097767115917052,0.4365549694512917,0.26262371604187457,-0.1778209322396863,0
0.4976028855337455,-0.5544127436800046,1.8641423645116237,-0.44643829354214165,-0.04900158502120168,1
0.6145500907260768,1.1844126325008568,1.0024952796352897,-0.1963744309563223,-0.05203841271720887,0
0.5508890333636693,2.65114527570239,-0.4586272630329651,-0.22327144990731584,0.3359735650194864,1
0.20698674737797018,1.2971775596758648,0.7345130427778144,1.0524396744783573,-0.2137065066039948,0
1.461501946486954,2.6798082108473156,-0.3955930745064333,0.583002584784451,-0.11391883428608472,0
0.29896556797747953,0.48308744884622373,1.5600524284467117,1.1410857668780867,0.9738434784809638,1
0.4898300639659948,1.8393355668388294,0.3408384370936803,0.30783749593176984,-0.018717762347049697,0
0.8107945003884467,1.2452695041971078,-0.46191214889053256,0.15635764113574085,-0.07188952079966444,0
0.321817110712663,2.839482374235283,0.5789086921563333,0.2567778234081589,0.005610488465428956,0
0.9627901771408784,-0.3823814689670232,1.5338723456544856,-0.43211206049260764,-0.10642032546108021,1
0.44317519260019145,1.4372781742567085,1.8493863096830905,-0.5878469330924091,1.1765296812203623,0
2.605380525623986,-0.31228259256183777,0.3081320893913851,0.16348953987481607,-0.04371462155341525,0
0.6126803263673731,2.8566224848065174,-0.33454221634758863,-0.12151236497200665,-0.01631535413526155,0
0.577199702358601,0.5576767136669722,0.33662212729363306,0.26139850645743157,-0.6879036636788719,1
0.26482557766223197,0.9688280883148587,2.052113720991224,-0.611650788045127,0.05763487008819536,1
0.4984838324242298,0.8952996973454586,1.9208301231396858,1.1235008398778752,0.9822349499064745,1
0.24481429946659322,0.9975540092576978,1.6946866542495007,1.8089166545080884,0.04225392779534862,0
0.2774612620861131,2.1843615205112736,-0.4424831454784341,-0.18100066118668395,-0.05456023249931031,0
0.8644614423911191,1.3818333637125828,1.8026913073976538,-0.46340519467346963,-0.04932303913462822,1
1.2517856849774056,2.481030961868639,1.8894733729604027,0.25556578088849796,-0.024885534323036848,1
0.41702781947650613,1.9080760897452542,0.8848441172360056,-0.16182653353768212,-0.028478504999089816,0
1.5652274840023548,2.3079943935280776,-0.384812248584047,0.22290670329366943,0.46768743371325383,0
0.5943770344634778,2.337376502874822,1.0561113981195762,0.5552334699615886,-0.10043086004245513,0
0.26186479987914846,2.5681293653328683,-0.5019765375079726,-0.5081004384354965,-0.11041056595615768,0
0.578622649595287,0.49666316100618957,0.4203019338189289,0.2892519592059358,-0.09060429435585046,0
0.27540110686117547,1.1136156249942073,1.8238829484730357,-0.5966080927473466,1.0607485262883012,1
0.5009925784362178,1.4055254452572614,-0.4315369085373045,-0.16502003471471877,-0.2521286706284681,1
0.5948535768182337,0.7729924746783101,1.9613242036986631,1.8435958188382326,0.3453487429022254,1
0.26603029111508214,0.8600144424056636,2.4468436808272416,0.8996651158893914,0.39695199863800423,0
0.8491013556581798,2.1418603670609615,-0.3508408666366714,0.27140117059028623,0.008496718574985497,0
0.14388370895851357,0.4177702424121358,0.7800143275900612,1.8495438294126267,-0.015908652131536742,0
0.5735160596124691,0.5381212365866672,1.4022759105444864,1.6367712755750339,-0.5079964943320495,0
2.8455317090984424,2.123327599558461,-0.24435981121376799,-0.11505232171368446,0.11424899400503229,0
1.1290097116539943,0.5660924300437093,0.6404026196929353,1.734216464609379,-0.5331835826211062,1
2.4791820050325746,1.3255546187626168,0.41902338201439204,-0.18110638794441306,-0.06380209909861857,0
0.23543125805871765,0.4472124440416744,-0.30905929769180435,1.629494639197606,0.7737745983280326,0
0.9716632749359089,0.5301970492534218,0.37780353925204163,1.0867634420364745,-0.013505563095683994,0
0.4749603114104023,2.1102296172768997,-0.40237924172611034,-0.16702899765498133,0.08831561008537488,0
0.2597257915377061,0.5793557925913305,2.0499263437832176,1.0770920962182224,-0.38435979323010416,1
0.12021292106413325,0.8541018782698353,0.5667064894593756,1.7863178248638258,1.393231755310035,1
0.31842878385651896,1.8422102640816171,1.7074526544437478,-0.5079523775030025,-0.07424126937480477,1
1.4895045712823545,2.088508078639037,0.8354018839319597,1.0214482979863695,-0.051480412251043245,0
0.7889142370250882,2.2880810138871173,-0.37493072736082267,1.1163323451576848,-0.22261026644683987,1
0.5904270969357215,2.5612020349963083,0.9550179443275775,-0.6623350387598379,-0.04794823416509905,0
2.658950118760899,0.6075342476863325,0.7607231373228356,1.7259488222898174,0.06124570787720038,1
0.201536336168656,0.9357892044213063,1.6909153744161418,-0.5127423748502341,-0.06507930998133557,0
0.4568615143660574,0.48523133337199303,1.8859562314947214,1.9035102508495527,1.2414968793297656,0
3.0848654834034552,-0.18385724744068901,-0.2150962438410854,-0.1312293905044266,-0.060300880762130415,0
0.26485267889963615,0.835408103432314,-0.35645885091231966,0.42673183673803894,-0.044627857037767095,0
1.5735096762201426,-0.3648790492357197,0.4052179932351488,1.8870470400566162,-0.7089998232997409,0
0.9387058888147104,2.428345291900853,0.3297532711694799,-0.4538264415319166,0.11072859134177683,0
0.25381435183770834,0.4790536233930738,1.6451778859150792,1.2253520136770868,-0.43427247336653085,0
2.809053513413615,1.0102551118435559,0.5074714238086528,-0.18446471485047017,0.563005495249499,0
0.2417848123151058,0.5870238073967733,2.242129657928932,0.9076800884332957,-0.08029645534297586,1
0.2569865183682658,2.246221333461102,1.482488879937684,-0.396127718639842,-0.04724850240557467,1
0.24432219920074877,1.8798685589690018,-0.49890988676710896,-0.1295108013807053,-0.0853421388856205,0
0.6215551107414788,1.4045958818037896,-0.3314129895719471,-0.18700627517504914,-0.07597353281981688,1
1.1531352287652008,2.223523878872899,0.6928475918627467,-0.1628664672615715,-0.4031430334641183,0
0.24506409670503743,0.9618306957494329,0.8928499867472833,0.13069714306568664,0.03266596081842889,1
0.28780319797019993,1.3006426625287113,0.6813677533322642,0.24249316938571158,0.03015882318803037,0
0.45855625572517855,0.52815023834731,1.4081962298699968,0.5725588210282404,-0.08881326314158046,0
0.2724514366367433,2.5761817039156747,-0.45823603264809987,1.1280158818202621,-0.2224699120447129,0
1.000327790559161,0.5196458442730167,-0.5011730055416104,-0.1817510973505045,-0.17281221625902787,0
0.46849443122020956,1.4274425752837987,1.7991710270450796,1.1026879121924635,-0.1445392782660681,0
0.6803257655581227,1.8939094057558081,1.74464320896417,0.24670847515945518,-0.18133364293858156,1
2.608771979967848,0.8401716431990183,0.38103800084867895,0.2984584385171592,0.6668468314570377,0
0.3597854055580396,-0.3878420644388125,0.7713979675243252,-0.6354990795272714,-0.7179809388487298,1
0.272785160749657,0.5699594371207723,-0.30786399873168635,-0.16383808174526734,-0.4074559052204144,0
0.23345390143198141,0.5195137502558009,-0.2937202050452023,-0.14269963921983267,0.00868671066395195,0
1.2387772238964594,0.938200492290578,0.3998060911508325,-0.5876745821256317,-0.053343416886740165,0
0.7767051691178851,1.3167980210234032,0.3868242312331184,-0.4868470643851912,1.2831669183840497,1
1.2015303223829037,2.816037114919606,-0.4590642167456702,-0.1748590010566534,0.03503116169383687,0
1.8972388413579748,2.5408616383419833,0.38339486676669937,-0.4499023411207289,-0.02434870454809693,1
2.2996805548523214,0.897060002069065,-0.3618966966460114,-0.6277324590773827,-0.15776938305727517,1
2.604633002499204,0.5560886723014746,-0.36679035720920183,-0.14546850313673415,0.2691712756177441,0
0.23151764870658528,2.116367208964896,-0.33279535251648484,0.5922023449847479,0.007457341228004732,0
0.2285384329601539,0.9365740365981285,0.8041748448905373,0.4775261580140576,-0.027155882247515,0
0.27079333886383106,2.0937322655109725,1.5397675046469212,-0.5496864026151494,-0.10898559516395068,0
0.15600624373022853,-0.3773642980324994,-0.26694103588941076,1.8648661290810602,0.5549674010120599,0
0.540637637298253,0.8990278330563701,2.176665918877533,-0.6417010961490741,0.8747733304228688,1
0.1961429939981332,2.550479384085491,-0.48089930535439945,0.49874627382293457,-0.0638314769582558,0
1.6275382159026233,2.6907827971448306,-0.47499014700013115,-0.11682264459339065,-0.0370839667852661,0
0.14950719009865163,0.4060716136549416,0.39859209714143473,-0.6414497276681616,-0.19190838689633039,0
0.8149096915568772,1.950857291939077,0.7798719546524948,1.0491698195596615,1.0214986759932567,1
0.6253206101678458,2.3960677936552695,1.5622491602698898,-0.4275549635267465,-0.10283781411049764,0
0.2352791381967511,0.9934170135431118,-0.4434715152992643,-0.07648666745122876,-0.06056335500776233,0
0.46315319213893513,2.6491659433469175,-0.44992214921478474,0.3171345514132939,-0.0063728043455095265,0
0.5002579132914898,1.9590091933838656,2.039908563767727,1.035922450106327,-0.04822389707054052,0
1.6641878280553888,2.535376486394332,-0.4403956837647094,-0.1662473790123552,-0.0032397333375921294,0
0.5154965038999837,2.001784193136757,0.9016822953005513,-0.5633752850529284,-0.06469004129115882,0
0.5328476454064579,1.0033411325685713,0.5114635319148453,0.22648243041871835,-0.06516807467813016,0
1.2697494385301198,1.2525612395417034,0.7686197548313393,-0.5215706207533175,-0.0789353042755858,0
0.25226512321089384,0.4985079773439774,0.9474265654246691,0.9772802765477042,-0.042980622041557885,0
0.6495158716291372,0.6081173863046884,0.27697882260698264,0.19231712163974957,-0.1546517577619823,0
0.44195093568322624,0.4496816831477902,0.3477728867647554,0.3856072621047736,-0.028354781794075353,0
0.5935185729667429,1.1914709473297216,0.3813697442160436,1.867416886008058,-0.08402321397271516,0
0.24796201278967195,0.5431601237493667,2.0083881341582703,0.29782383706604476,1.7719330772619206,0
0.16220699370630118,2.5273606011929033,0.6758154254627597,-0.1594013510813252,-0.025706433420188815,1
0.5835221591646027,1.8649533712363597,-0.3481853645651341,-0.17822092618517862,-0.12263362331267934,0
0.313526591705473,0.4806760628413411,2.3076092830919888,0.855261631379242,-0.27835334359962166,1
0.5669294386595025,0.9669346322822324,0.8849227180604986,-0.2238235948245688,-0.3453632205153551,0
0.612961846549106,1.3619954956594396,-0.4615864326069449,-0.2007824807782246,0.010464510996400098,0
0.5573732773212394,1.7639713572751021,0.326328957383213,0.6027544374022241,-0.029704458264730574,0
0.5159022688747348,2.1318287439501753,0.7977591564251292,0.932964331798453,0.04693759971036754,0
0.9935271871371384,2.0856862346217584,-0.36983014496366357,-0.19313224294550246,-0.23826327074674225,0
0.2288474894761426,0.9989832093783584,-0.34277052925822304,0.16640360085063483,-0.07881493253375163,0
0.21306332045467263,0.9171078889376562,2.0871007597772104,1.0417524769953668,-0.1617821033718283,0
0.9708820947057983,2.4939794707732483,0.9004452220698044,1.0941849860566104,0.2695405706378742,0
0.15021979198217156,0.46676996229144796,0.4421029740555611,-0.5812397721776573,-0.05674131565268094,0
0.20973760888098852,0.5497487999323553,2.2656397992968538,-0.6838703085480329,-0.15029806080756417,0
1.3772360394764473,0.5125827611984957,1.910750797173081,1.1613837686624466,1.1081592623996626,1
1.8690030054066245,1.355994378672431,-0.34795929283344484,0.24085370078127644,0.6364654695017887,0
0.5509040255456596,1.8554227801659298,0.8993086655597967,-0.14997960995288304,0.035616122115149224,1
0.56877966452253,1.3444909818252224,0.8375281797850092,0.4412723366635627,-0.08834126529006679,0
0.627704053267576,2.1034946707789497,1.493040606873501,-0.6277391554159967,-0.005218506306420359,0
0.5564800634456639,2.258135433975075,2.13713241197616,-0.6134915166892413,0.42286924690939237,1
0.393888424539072,0.4805919095249248,2.040896459715883,0.5200525194027018,-0.08916250479925106,0
1.4894403338983473,0.950101247132149,-0.3840680553999418,0.5412188144106639,-0.2672905861932193,0
0.17337653486079296,0.5185156949871611,0.8097146792747355,1.8237805995278151,-0.37253864649489876,0
0.16763444180348838,0.974920920815557,2.298193688491194,1.0657065799940364,-0.06809864872676176,0
0.5624873533177264,1.4028669850167188,1.0595012146188492,-0.21270605043675878,-0.2872830969354825,0
3.1939346339694943,0.5054304008616846,-0.24625008775558332,-0.20922620959658553,-0.006184583604109388,0
0.22514316350306987,2.706988315046641,-0.41618290772687266,0.2465624433836167,-0.09648135746874775,0
2.9613787576235135,1.2289654855050325,0.8107024328982586,0.48330186476229076,-0.15283587430623313,0
0.2501423542106277,0.6182870086485632,1.0015236804550378,-0.5724761682154275,-0.04756255538151351,0
0.5592178080554063,0.4722741808016901,2.205349211516818,-0.5357454791886314,-0.3043939910083502,1
2.6675383756611977,0.49570029575260477,-0.25162635629084784,0.20146633626770077,-0.04131217041356108,0
2.7259625744937015,0.550995072121047,-0.2731241091739738,-0.17287643341166023,-0.07125605618249287,0
1.201648696562473,2.756074707290218,-0.4188655244862593,1.8608255204432491,-0.09235627759876917,0
0.19000754332492134,1.1681215571526322,1.467039742220844,1.9101833382381614,-0.04964574089204372,0
0.24504178588488879,0.6746373944684378,-0.2699373430489822,1.735588285077287,0.601560820477686,0
0.3754873537797147,2.381626617898918,1.9235433613367992,1.6816477426675611,-0.3200203542784784,0
0.3191994946995182,2.5216205101241402,0.89810699268608,-0.15626419026572808,-0.06508319459474843,0
0.25984494534869357,2.3604071257840538,-0.383967502332001,0.5059817328135087,-0.0157100684043745,0
3.114594144990515,-0.5455237211701902,0.4313180218798529,-0.13389391473675605,-0.08234729926278453,0
0.551975228033925,1.3893788966397393,0.761583531072734,0.9517825841364207,-0.03682333392772927,0
3.0280202109966696,0.5224842321028326,1.9285427026346307,1.0396574641865168,-0.05109233820375641,1
1.1642799885459238,0.6030415092808309,2.0278069315374667,0.22095693257746768,-0.08142677692750672,0
0.19111708142786182,0.5934142989256687,1.0987799844579698,0.998569824268259,-0.05272808335247048,1
0.6138448506537313,2.4708765473335537,-0.422816727166515,-0.18298914387359475,0.425849213982636,0
0.2791553381005621,0.5376538387278229,2.3258013024409587,1.80779140895336,-0.041673480129651164,0
0.21968102756478303,1.0717153031167899,1.5788047933484544,0.6373920098297068,-0.23607501089074567,0
0.5436218358741608,-0.3372063987918032,-0.48229248017113735,-0.16624949126098645,-0.06188067953224147,0
0.3325255628753537,0.49401979125322715,1.0798697708384062,0.6030170177774542,1.2346192109854854,0
0.23304704287148695,1.9106386489449563,1.0986075363002108,1.7847028610607656,-0.0795871180050472,0
0.19781765213121663,0.4779920908640981,0.5783351028896005,1.5958668290647005,-0.02765235512165199,0
0.26334394388012766,0.5979896102387205,0.9264584472007318,-0.662144816759762,-0.18265927185679245,1
0.4924638551986163,0.5329362456926616,0.6322612878632105,0.8066497687641505,-0.03995016831609026,1
0.6215696336079968,0.5205064782679513,0.9821752362579727,1.0214774040314634,1.183702905133847,1
0.5410234405296318,0.5145079503119574,1.7278964896739584,-0.5516873778036561,0.9560720843255244,1
0.453567000368915,1.8536708791830274,1.396045821357413,1.7326519112195504,-0.25392484714625285,1
0.19531295040493218,0.773192673556528,2.1013000763820653,0.8976628934823813,-0.054119357119099425,0
0.2595436697755037,2.5396971729799453,-0.41738030796239856,0.315068922718841,-0.19696290790955062,0
0.17764030613738557,0.44669698194059415,0.3610024915489071,-0.5429289864955725,0.20537918072892192,0
0.22678434598635885,0.5654331691662364,2.3172350693108448,0.9143391790310988,-0.21626352887559608,0
0.23830414163222932,0.533580505356823,0.6214557193069704,0.49694465454645526,-0.07654500629715918,0
0.5171919225993802,0.9969843086553835,0.48166022245934625,-0.6082818658364031,-0.19360243565996646,0
0.5651923322214866,1.5701818804024992,-0.46681983566630697,0.41063830766350146,-0.08564349692157927,0
2.4578468670841103,0.970434518922147,-0.15512656626105426,0.17676122545647432,-0.06758994361318087,0
0.19004127594062487,0.9690645979579879,0.5137406445868216,-0.4824426611835175,-0.24931139404175232,0
0.37908469430518654,0.5695936761394012,-0.4072601963471059,0.21079752865044812,-0.28686202326894344,0
0.5373495468766859,1.0782293902171503,1.8458762412728795,-0.5226562093272688,1.4342810234197725,0
0.6563879815044118,0.8944240646478064,1.3927573642490647,0.9612665902923754,-0.5617016901527123,1
0.568408150939551,0.956487183723486,2.2399799237539297,-0.6167198129131083,0.5173573284883042,0
0.9522157571522011,0.9215986681549881,0.9087252541400901,0.171078207364064,0.007072067107339777,0
-0.0120528088403416,0.439773800471696,1.0058750495926547,-0.4635867372990331,1.194626005522072,0
0.2771892851479548,0.9183447637660515,-0.276720345073149,2.0787831607731353,-0.4407236312836102,1
0.508843323467839,0.5822493230981362,1.581912125992686,0.7835031893504714,-0.2545668970298277,1
0.1632080276048107,0.36504464182065977,0.3344931870402004,1.861540075134228,-0.08321991086388775,0
0.6912437709861162,2.8123607255827663,-0.5054745899190602,0.6383855939624066,-0.03711680148390391,0
0.21555298251640048,0.5679364170124129,0.8729493421244755,0.2163410764703829,-0.015896966660091626,0
0.5407846136597008,1.9669983031090115,1.716352639779783,0.5090317644204198,-0.04210982208015311,0
0.265130732591727,0.4241052583645062,0.7274138261058911,1.1881356593006898,-0.029462459953466406,1
0.5631608930014195,0.5121991607185024,0.36371725329773635,-0.22559613932960063,-0.08064641698715727,0
0.45298416813700265,2.3379912318765173,0.6979929614885562,-0.23533281573462617,-0.06416735970303046,0
0.6700479999634146,2.5656521167102566,-0.3116295108275045,0.4601242444791611,-0.23429389177062543,0
0.34266727333448094,2.453817733363861,0.8394322247688946,0.5415260330374474,0.5347187588007845,1
3.056388794067479,1.030065027079749,1.822579841729591,0.9144980374439242,1.3509576091166844,0
0.6145659034903347,0.8468395118755642,2.209176127917291,0.9032477364231508,1.1404456119929156,1
0.20085121230539815,0.8162251568563799,0.4601974823616698,1.763801561679826,0.0314631676209681,1
0.19189967750933118,0.8910388791419448,0.7016730671054329,-0.14729102000682776,0.07408907428146828,1
3.148635830510388,-0.38068457972564074,0.31868803530521767,-0.18852939465131172,0.0063805547074210975,0
0.035136093214936714,1.3716553336266883,-0.322984250584223,0.1857369088883949,-0.19818091749058137,0
0.2896237343688171,2.0797892387573147,2.0500812366981163,1.8594355803395326,0.9805202973510938,0
0.5728989356794804,-0.39813034738537384,1.7167300940094932,1.023858462422242,0.40403340372732066,0
0.5730368913944569,1.3452998153112852,1.7363610874399078,0.5912049682839616,-0.07289508137435669,0
0.4638163665729326,2.5684823381738866,-0.38830361596408014,0.22279466726749492,0.0629215472747345,0
2.3425646770964965,0.7332517003671857,0.750660070269861,1.954591824456835,-0.06878527787088963,0
0.14647862757229752,0.4091224939074556,0.45381121266293706,-0.1459799428779436,-0.05031869085730941,1
0.5480209198258803,2.441553690035492,-0.4870828886830564,0.17590855640856562,-0.2187017237505539,0
0.5280189132171471,0.8708497241799582,2.21627998725804,1.0351182414747104,-0.10242298125213536,1
2.9885398789030577,0.49269600991600515,1.565829537109949,1.8331200873737465,0.35260783152428754,1
1.2356391942096556,2.5667840025247206,0.6514062322518239,0.297015485027763,-0.09797980002251057,0
1.4916001343718563,-0.15596062162786697,-0.5238681825685791,-0.19737407570379764,-0.08463587730596599,0
0.8957367847558775,2.022687609975916,0.671089180552618,-0.22090975138897312,0.4248647021113451,0
0.8552304462251588,0.9242027850561829,0.8619862398197394,-0.4982026981628558,-0.2422231309789378,0
0.4708251295951692,1.913295228369835,1.58427461352299,1.0997910579022017,-0.17099532241737686,0
0.1902406091437769,1.9113808933440934,1.8945083922290622,1.8353583156567916,-0.06878128028888197,0
0.5472638506258207,0.5298504524574047,-0.4647806315620141,1.9201064882599959,1.2439684173565182,1
0.6461671542878895,1.2289428974055934,-0.3629284919397791,0.2778879299105302,-0.1259891867228586,0
0.24140936628276938,0.4944782157993403,0.33876769123761313,0.6108500793477661,0.009628561469926189,0
0.6347195652190588,0.8420552589517468,0.8082525593217076,1.0338647882870582,1.1222452960842442,1
2.5935016398168087,0.5794426367496647,0.8405184369852277,0.9636438032429315,-0.12675179552964846,0
2.926041893668082,0.5678302393392034,1.5136821787884949,-0.24211419351639368,-0.04476733408988706,0
1.0320586680489279,0.5169555440368755,0.32724493076869376,0.2665061119501664,-0.1214590993763789,0
0.12564648381835306,1.0390966197936715,1.6440872595236047,1.9338745300314903,-0.030788544062785597,1
1.38308707611632,2.2203466439575883,0.9896711100907818,0.24707270580711244,-0.11571492046840962,1
3.0775734285472116,0.924863243718513,0.3888274587731901,0.21019938748866118,-0.11151994768195818,0
0.6495620614868058,2.7441092820723116,-0.459923678234711,0.18338892380092298,-0.08904901805517254,0
1.5612188401445926,1.048512313031579,0.7107564554002691,0.49893840655889987,-0.08309233467666696,0
0.5168360900556108,2.1385870959239464,0.5854396133361042,0.2858806367490305,0.014706225668632028,0
0.2551083462494389,0.5479600074762093,0.9004000233112323,1.0362956723603778,-0.04523420392032121,0
0.4550257537848273,2.0004210461940257,0.3374622952725634,-0.18096348092320164,0.01202693594975636,0
1.14364332081295,0.9547355632013732,2.061661440301518,1.0492621148404424,-0.10544043580970888,1
0.22283245822753794,0.9459983127105871,1.22848170042236,0.25656260070299053,-0.7319528347398472,0
2.842247056744404,2.4421617533192554,0.6271395498756434,-0.1959733807093153,-0.39347336318848086,0
2.5625471245051608,0.5862210380220869,0.27247473238500597,0.1594162916604171,-0.08717730918924702,0
0.3187315906752434,1.3244849118596622,2.1240478573547903,-0.6015595293344748,-0.04447016568254709,0
1.0096387916415008,2.4268143066286068,-0.4481731123833223,0.22002922198259364,-0.02323900199148723,0
0.2552289906134123,0.5785067812825907,1.1519404954128327,1.0862776952698159,-0.1418657795183687,1
1.3781761837421624,2.5619389108201203,2.212498560485504,-0.5375173131420794,-0.07774718494546431,0
1.6143305241674213,1.1602487367202494,0.4455030985352096,0.268632296194943,0.04142002676606024,0
0.21065247533829512,0.46143004179679786,0.37253882190886733,-0.05630715029246046,-0.0477936359841449,0
0.27740042220447964,2.116569658100112,-0.377033932369169,-0.521184675984021,-0.0066836878933810295,0
0.24776515278919925,0.8209882565746475,0.37604054118930214,1.038837175909089,-0.05286265756757654,1
0.22259770818930746,1.0302577219741003,0.750494526664655,0.8253811320717545,-0.2745236704958262,1
1.3081755527162786,-0.3733277413446985,0.37698128364408967,0.24051275976158862,-0.034129923134504796,0
1.9095169704301718,1.333680304883218,-0.41820871520426006,0.2732769863890996,-0.0864455528571202,0
0.2582644738873006,-0.3400451437395503,2.261075562419224,1.7660934258115717,-0.305294766764555,0
0.6105536535364916,0.9295089856067933,0.3775747683393761,1.0463507134219319,0.3548179753232163,1
2.9507481706337,1.677951256643436,0.4082338620549293,0.49267498379946567,-0.04431972841736055,0
0.280102386335329,1.8940621337508468,1.61317541531293,-0.5525484809659627,0.0350478689958824,0
0.5493535655830654,1.2398019727406346,-0.37478482619279335,1.1031484690858309,0.9251020724215944,1
0.307075158870561,0.5433713387132948,1.9906583816840584,0.9444476792284,-0.27525498199309145,0
2.8686148649287264,1.1787833198249162,1.9144924754040953,0.48832299989675254,0.9007327754507134,0
0.21695517992213603,1.0279399791382764,2.209573626637458,-0.7596935312141894,0.005219930427023671,0
0.2941804256819424,0.5605321853480224,0.7689027494121741,0.3880737917386332,1.207080573107414,0
0.2674234834105135,1.8485317788722186,0.28759030519417395,-0.20814062175634923,0.11206721195262188,0
1.2835349281275554,0.5210126308450483,-0.4158993550883858,-0.19406863245168832,1.5811882005146618,0
0.2404907975571009,0.9374171423821738,2.0907595548151168,-0.516695858680301,-0.30135225023791423,1
0.21696483762035015,0.957949345016079,2.1336746680548844,1.0805989773763163,-0.23562545944362895,0
0.2092570705739221,0.9184341399195732,0.8246708586460569,1.6305520424353392,-0.06204187216077602,0
0.18932508105577184,0.5777117572936302,1.4497923732849547,1.0564671542102038,0.44424375339376315,1
0.18923313096712593,0.36219210979225275,1.497356509893854,1.0370754267271332,1.1863793019109958,0
0.579197961262698,2.6549138047815326,-0.5051902403366765,0.20036885728205628,-0.07757801522788964,0
0.17585716468385088,0.628230618701765,0.7895114054813662,1.9520386069717879,0.0209995042471834,0
0.18641742362712876,0.39359174686600973,1.7789403226831277,0.9517642505109327,-0.8922779301748007,1
0.2731528314909374,0.9202808051138848,2.0471832819647386,-0.6157849149496903,-0.209717860016556,0
2.999522455137426,2.182585338150833,1.4995289163856185,0.9178558022854525,-0.08993758985934776,0
0.49645604119620834,1.9540321369230194,0.45170372362897127,0.3300986038657167,-0.1227548401211374,0
0.484973689671211,0.6035957489942063,1.9300022764761355,0.8953279497239225,-0.3088337520994905,1
0.26759437402928715,0.5365244592001487,0.6828020141132328,1.7409857781639715,-0.2295670142913017,0
0.5213225012360159,0.9143249019971605,1.5995589250628552,1.8571418492054075,-0.2636788504845882,1
1.0212100450646722,0.8706078596629256,2.1634290624804984,1.0964710118544692,-0.20321389842312043,1
0.49109349288910137,0.455499016132977,2.0894922914817,-0.6521745203649554,1.4314299861045756,1
0.2222222079002395,0.45060606567586525,0.8270096369724346,-0.15542162607668428,1.435547890436577,0
0.23057837529189573,0.5834581147156284,1.7983199712953197,1.7993440515512191,-0.07382979256514016,1
3.0083483873268726,-0.432404022355286,1.60456466549336,0.37424294176330997,-0.1238384168073919,0
0.20418592446799214,0.5013558925511487,1.0655462335666148,1.1196860217138997,-0.11337353036028759,0
0.542516983754453,0.9433344679192878,0.9119644440374108,1.0840481509961584,-0.4691666292694171,0
0.1389464910729957,0.4186105315226728,0.33727332133730314,0.5881764034197147,0.029881173494498273,0
0.2598201379653283,0.5196003945592238,2.10320415459175,1.1687983809877607,1.293625440874271,1
0.5749978872258982,0.4604948912934455,1.9714095196461252,-0.6066218722336675,-0.003959701773414551,0
0.23578511010029257,0.47443666853678,0.8163059679038476,1.2030472532337313,1.1179336971087486,1
0.24680015311194975,2.1325412564650326,1.598426836112477,0.5046645084746819,-0.042030982050972845,0
0.4734650809532695,1.9615151177133616,0.37936842207178717,1.0785298240330468,-0.11315840803084803,0
2.7448791711465383,0.5248738907975228,0.4731367695446028,0.25095941221175533,-0.03935800501717407,0
0.5481913965117768,1.9152668729742983,-0.40452124628013303,0.6500861611918225,0.6024057592331664,0
0.2647527832140825,0.5722169613377064,1.925433534562219,0.9149039801267971,0.39214743632100296,1
1.1175651768359627,1.3675314598626371,0.40849526757970983,0.24388579418867584,-0.07035952235175683,0
0.7245759995139822,2.5968256668978595,-0.40580733043249656,-0.1992130331694917,-0.10718327311519335,0
2.6149283659610596,2.6354907349983123,-0.37434904265937663,-0.17749036426390133,-0.03946259134223103,0
0.2449769468300014,1.3757311009323137,-0.3446012554955887,-0.5265916389087637,-0.09876693205355572,0
0.28456799566751306,0.5490488400708752,0.8382316445640825,0.6098343100658795,1.3128213413249699,1
2.4565784180381827,0.42715891239584647,0.414211086216173,1.1160484003036764,1.2226608495866105,0
0.2462162692954826,0.8612961645388725,2.289851457518422,-0.5194533936777155,0.6787717746719004,0
0.8675955338694923,1.9172961198021405,1.904672116276718,0.6274014442186353,-0.2613848331995631,0
0.49155196803779055,0.5471471013682709,2.1798681412122236,1.1203542182329713,0.5665116331853218,0
0.2759868414350407,0.49083619812441326,0.7117947542533704,1.922582122623049,-0.10484199145692234,0
0.5891764777336971,2.470950763974194,-0.4809648460204735,0.4668028881734125,-0.05803383152062014,0
0.2848934697429698,0.5533480544157766,2.2234363878508283,1.0554248112111053,1.210889032017885,0
0.24589240634352635,2.118645116364499,1.6430636814023138,-0.4997829995881558,-0.20297307681695193,1
0.4865452659508241,-0.3357508756437692,-0.4145643199854002,-0.17258839983023666,1.7066762651860863,0
0.46265480502044576,2.3543374032361544,1.8913207122059643,0.9451795153075502,-0.37672620869312023,0
2.571266485842187,0.5423827952713401,0.6884197328296708,1.897598252916429,-0.5620006787445837,1
0.1729778744830146,0.603513162263838,1.0027910129148327,1.0118721309396355,-0.055384210367232296,1
0.2361212659697712,0.5547041281598155,1.4877348330158977,2.0675954565848333,-0.5891461875357441,1
0.24903269553717267,0.5188236927156165,0.7707919842379812,1.7339773264260072,-0.035009065826634836,0
0.21301789099192794,0.4616366007748391,0.36151034931328996,0.9622506433965485,1.6073222860805547,1
0.48196931052999303,-0.3556592559948749,1.842990157882154,-0.6050873818115887,-0.21176766921920986,0
0.2130153198257055,0.560668365447855,1.0877155118227089,1.8000747219531261,-0.04576203706465301,1
0.530391916207045,0.9719029759954431,0.7649350710277941,0.2862748934115288,-0.03049038830992715,0
2.659741103972279,1.425156067020588,-0.2194464949258341,0.1450586451277946,0.022200935796514984,0
1.319455297852532,-0.470812699927193,0.7326887422607476,-0.45235885701667544,0.7955016633764098,0
1.0737340900615664,0.5373911625641179,0.3290571426473548,-0.16363030579920962,0.0004099626355249311,0
0.31855230232013254,2.037650137046386,1.7621103448231297,-0.4890365314468014,-0.2699408450845373,0
0.5394407360027761,2.5354011972169928,0.6996487233245978,-0.17364731964370578,-0.11039873889740709,0
0.21767596251506707,0.5392373669432203,0.9129752638422423,1.9873722745156408,0.4434074302627155,1
0.6122564797903753,1.9325154953980117,-0.39092505532522775,-0.19037200345197997,-0.01348081544218524,0
0.304421444045365,0.5115427611643701,1.7307958486321429,1.0990590992216465,-0.6251002120000532,1
0.5404885043890213,1.33276066174978,-0.32449366232479104,0.48701608059064067,0.06687039914933589,0
0.21826868264311808,1.7771156546381903,-0.3813030648590806,1.8850071187228261,-0.6775911185473628,0
0.4389214496038566,2.6208255351304603,0.851698767266652,0.347630285383033,-0.059256269956714985,0
0.49702450532053916,1.6402237350365627,1.493110888805778,-0.49757402405164813,-0.22073267328805385,0
0.2735681125141442,1.1512262855711057,0.3644413022724937,1.109281302583496,1.2203576690237086,1
0.21415816251902295,0.5251382772469887,0.8436270315244007,1.0078686315710654,0.0028003118263811855,0
0.22687870786207828,0.5153096351713758,-0.44462476749938634,1.9552382605407719,-0.06104436398752044,0
0.8147955367428024,0.5459966558658564,1.6280957055153757,1.045601288756601,0.00911900382001661,0
0.6541402279919797,0.5151487467842413,2.255849696931456,0.8974398343722774,-0.28507189272257244,0
0.39649437825876943,1.3485592515952445,-0.2456112469019776,0.25397282140676936,0.007824931997965162,0
0.4656006435347717,1.7857090024195008,1.6602789500384914,-0.5379436457425095,1.1477156804662465,1
0.4578621467793117,1.417755202698898,0.4074378823252512,-0.5893746438308869,-0.07549600402590227,0
0.2448423177934736,1.4195611047424694,2.125103724972068,-0.5660928920536206,-0.07821172686972182,0
